17 0.9546875 0.6890625 0.0859375 0.1171875
19 0.721875 0.5609375 0.0953125 0.11484375
17 0.3671875 0.66328125 0.05625 0.10546875
10 0.2828125 0.48125 0.0171875 0.0375
10 0.4015625 0.5328125 0.01875 0.04921875
10 0.675 0.4765625 0.0234375 0.03984375
10 0.696875 0.46015625 0.0171875 0.03046875
10 0.3390625 0.33203125 0.0078125 0.0140625
10 0.4015625 0.30859375 0.00625 0.009375
10 0.478125 0.33203125 0.0078125 0.01640625
16 0.2984375 0.3109375 0.0140625 0.01640625
11 0.315625 0.30859375 0.0140625 0.0234375
4 0.2828125 0.29921875 0.01875 0.0375
4 0.2796875 0.2734375 0.0171875 0.0140625
17 0.3296875 0.43671875 0.021875 0.046875
17 0.30625 0.38046875 0.0171875 0.03046875
17 0.4953125 0.39453125 0.021875 0.03515625
17 0.43125 0.34375 0.0125 0.02578125
15 0.4140625 0.34609375 0.021875 0.03046875
5 0.3671875 0.415625 0.03125 0.0328125
5 0.3046875 0.33671875 0.0171875 0.0234375
5 0.415625 0.315625 0.0171875 0.01875
5 0.371875 0.315625 0.0140625 0.02109375
5 0.3234375 0.2921875 0.0078125 0.009375
5 0.3125 0.2734375 0.0078125 0.009375
5 0.3390625 0.28046875 0.009375 0.01171875
5 0.303125 0.29453125 0.00625 0.01171875
17 0.390625 0.3109375 0.009375 0.01640625
5 0.3578125 0.3484375 0.0203125 0.02578125
17 0.3609375 0.2875 0.0046875 0.01171875
4 0.5125 0.36015625 0.0515625 0.04453125