11 0.08515625 0.71953125 0.1703125 0.55625
13 0.9578125 0.70390625 0.0796875 0.1125
4 0.49375 0.65859375 0.4734375 0.57265625
15 0.903125 0.62890625 0.1890625 0.09375
5 0.890625 0.55234375 0.15 0.05234375
10 0.25 0.5 0.0421875 0.11640625
4 0.8171875 0.3375 0.19375 0.325
4 0.5640625 0.27265625 0.2 0.28515625
4 0.3890625 0.2375 0.1546875 0.225
4 0.85 0.1 0.1390625 0.09765625
4 0.6703125 0.07734375 0.1265625 0.1125
11 0.109375 0.27734375 0.096875 0.08515625
4 0.13125 0.0875 0.159375 0.14140625
4 0.4640625 0.08984375 0.171875 0.05625
13 0.69375 0.35390625 0.05 0.16875