0 0.5734375 0.89453125 0.0890625 0.19375
15 0.68125 0.8890625 0.103125 0.165625
5 0.521875 0.775 0.0515625 0.1
15 0.4453125 0.7421875 0.05 0.10546875
5 0.5875 0.7140625 0.0484375 0.0765625
5 0.5171875 0.66796875 0.0359375 0.065625
3 0.590625 0.65390625 0.009375 0.03984375
3 0.5578125 0.6421875 0.0078125 0.034375
10 0.578125 0.63359375 0.0078125 0.03125
5 0.484375 0.60546875 0.0421875 0.0484375
5 0.54375 0.60859375 0.0453125 0.0484375
9 0.609375 0.59140625 0.059375 0.0484375
12 0.0875 0.86640625 0.1140625 0.17109375
10 0.059375 0.771875 0.025 0.03984375
5 0.3078125 0.628125 0.0453125 0.05390625
5 0.365625 0.6140625 0.046875 0.0484375
10 0.340625 0.60546875 0.0140625 0.03125
17 0.29375 0.528125 0.015625 0.03125
15 0.55 0.5828125 0.0578125 0.04296875
7 0.521875 0.56015625 0.040625 0.0484375
5 0.56875 0.5625 0.0453125 0.03125
9 0.4484375 0.5625 0.053125 0.0453125
5 0.4453125 0.52578125 0.015625 0.028125
5 0.4296875 0.528125 0.0140625 0.02265625