10 0.6640625 0.64765625 0.028125 0.05390625
13 0.734375 0.59609375 0.034375 0.07265625
5 0.85 0.54765625 0.08125 0.03984375
17 0.78125 0.59609375 0.046875 0.06640625
5 0.9859375 0.70234375 0.025 0.07890625
17 0.7 0.51875 0.0296875 0.03984375
5 0.6734375 0.50625 0.01875 0.03984375
13 0.6265625 0.50859375 0.01875 0.04140625
17 0.5390625 0.5375 0.0265625 0.05
17 0.534375 0.48515625 0.01875 0.03359375
5 0.634375 0.46640625 0.04375 0.025
5 0.5953125 0.45390625 0.0203125 0.025
9 0.575 0.45 0.01875 0.025
17 0.5390625 0.45 0.0125 0.02109375
5 0.584375 0.53984375 0.040625 0.04609375
13 0.084375 0.73984375 0.06875 0.11484375
17 0.25625 0.625 0.05 0.07890625
13 0.346875 0.48515625 0.0171875 0.03359375
5 0.45625 0.48125 0.025 0.03125
10 0.4 0.48359375 0.0125 0.02265625
11 0.4328125 0.43359375 0.0109375 0.02265625