5 0.43125 0.615625 0.0546875 0.0859375
10 0.65625 0.5390625 0.0171875 0.03671875
11 0.4640625 0.4609375 0.040625 0.08359375
13 0.1015625 0.66171875 0.0703125 0.0765625
11 0.59375 0.478125 0.0328125 0.04921875
17 0.5375 0.41875 0.0140625 0.02734375
18 0.6 0.384375 0.0265625 0.04453125
18 0.540625 0.37578125 0.015625 0.01953125
18 0.3296875 0.4359375 0.0515625 0.05703125
18 0.3703125 0.40390625 0.034375 0.04453125
18 0.4015625 0.384375 0.0265625 0.0421875
10 0.40625 0.43125 0.00625 0.01484375
13 0.4296875 0.38671875 0.0078125 0.0171875
18 0.4734375 0.3734375 0.015625 0.02734375
20 0.7890625 0.5640625 0.0421875 0.05390625
20 0.3296875 0.48046875 0.0234375 0.0296875