17 0.31328125 0.6265625 0.28515625 0.259375
5 0.865625 0.65625 0.25 0.2546875
5 0.71796875 0.6 0.36875 0.1609375
5 0.52265625 0.575 0.19765625 0.11875
17 0.03515625 0.653125 0.0703125 0.303125
5 0.12265625 0.5765625 0.12734375 0.121875
5 0.16171875 0.60625 0.10859375 0.1609375
4 0.6 0.465625 0.14609375 0.0890625
4 0.37734375 0.4640625 0.26640625 0.075
4 0.13203125 0.4765625 0.12890625 0.04375
4 0.228125 0.4765625 0.06875 0.0453125
4 0.18671875 0.4546875 0.0875 0.0484375
15 0.71328125 0.5140625 0.19609375 0.05625