5 0.496875 0.68125 0.85546875 0.446875
10 0.13046875 0.496875 0.16640625 0.2171875
10 0.31953125 0.4453125 0.14140625 0.1140625
17 0.58046875 0.425 0.25859375 0.0859375
19 0.56953125 0.425 0.36640625 0.1390625
5 0.875 0.45 0.246875 0.1296875
5 0.921875 0.51875 0.146875 0.165625
13 0.278125 0.41875 0.13359375 0.115625
13 0.178125 0.384375 0.075 0.0734375
13 0.0609375 0.3828125 0.075 0.0640625
4 0.346875 0.3546875 0.325 0.153125
13 0.30546875 0.378125 0.08359375 0.0453125
4 0.84140625 0.3484375 0.3109375 0.0703125