13 0.7390625 0.55 0.396875 0.2875
10 0.371875 0.446875 0.09140625 0.0828125
4 0.7 0.403125 0.38046875 0.1234375
8 0.2609375 0.3921875 0.08359375 0.0546875
8 0.28359375 0.371875 0.06640625 0.034375
5 0.48046875 0.415625 0.05859375 0.0453125
13 0.328125 0.40625 0.0359375 0.05
13 0.3640625 0.3953125 0.03359375 0.0203125
13 0.196875 0.3875 0.021875 0.0140625
13 0.175 0.3890625 0.01953125 0.01875
13 0.153125 0.3875 0.021875 0.0125
8 0.13359375 0.371875 0.025 0.0109375
8 0.178125 0.371875 0.04453125 0.0125
13 0.3859375 0.3828125 0.01953125 0.0078125
13 0.44453125 0.3828125 0.021875 0.009375
13 0.41640625 0.428125 0.08046875 0.0796875
13 0.2359375 0.409375 0.05859375 0.053125
5 0.45546875 0.396875 0.03359375 0.01875
13 0.49140625 0.3890625 0.0359375 0.009375
13 0.10546875 0.3875 0.03046875 0.0125
13 0.13046875 0.3890625 0.025 0.0109375
13 0.071875 0.384375 0.01953125 0.0078125
9 0.90546875 0.4 0.05 0.0453125