3 0.75546875 0.484375 0.08359375 0.103125
13 0.371875 0.4578125 0.08359375 0.0796875
13 0.246875 0.4640625 0.09140625 0.090625
4 0.675 0.415625 0.153125 0.0421875
13 0.48046875 0.4234375 0.03359375 0.028125
3 0.025 0.4578125 0.03046875 0.0390625
13 0.153125 0.421875 0.028125 0.0171875
5 0.121875 0.4265625 0.03046875 0.0140625
5 0.45546875 0.4265625 0.0109375 0.015625
13 0.43046875 0.421875 0.01953125 0.0234375
4 0.2109375 0.40625 0.046875 0.0203125
4 0.15546875 0.4015625 0.025 0.0109375
13 0.121875 0.4140625 0.01640625 0.0078125
13 0.0890625 0.453125 0.0390625 0.0265625
10 0.19453125 0.425 0.0109375 0.01875
3 0.175 0.4484375 0.05546875 0.0328125
13 0.74140625 0.44375 0.078125 0.0578125
17 0.8890625 0.43125 0.04453125 0.01875
13 0.796875 0.425 0.03359375 0.015625
13 0.58359375 0.41875 0.021875 0.015625
13 0.51953125 0.4203125 0.021875 0.0125