10 0.528125 0.8375 0.3671875 0.31484375
3 0.378125 0.60859375 0.0296875 0.07265625
3 0.3484375 0.56015625 0.0109375 0.02734375
3 0.4 0.54140625 0.00625 0.01640625
13 0.4203125 0.56015625 0.0328125 0.06875
13 0.74375 0.59140625 0.121875 0.17109375
10 0.809375 0.59140625 0.0671875 0.04765625
2 0.5625 0.57890625 0.0921875 0.12890625
2 0.4828125 0.55859375 0.0453125 0.06875
2 0.4359375 0.54765625 0.025 0.05390625
10 0.6015625 0.56875 0.0265625 0.03515625
2 0.3421875 0.53125 0.0109375 0.01875
2 0.353125 0.53359375 0.0140625 0.02734375
2 0.3703125 0.53359375 0.009375 0.025
2 0.3859375 0.5375 0.0171875 0.02890625