4 0.80625 0.41328125 0.3828125 0.61015625
13 0.3375 0.45859375 0.04375 0.09765625
13 0.44375 0.45859375 0.0265625 0.08671875
8 0.4578125 0.41328125 0.01875 0.02265625
8 0.4265625 0.4109375 0.0109375 0.01953125
15 0.4984375 0.4328125 0.0203125 0.04140625
5 0.546875 0.4359375 0.025 0.03046875
8 0.5515625 0.4078125 0.040625 0.02265625
15 0.5671875 0.4359375 0.021875 0.03046875
15 0.609375 0.42734375 0.025 0.02265625
13 0.5203125 0.44453125 0.034375 0.0609375
8 0.40625 0.4109375 0.0109375 0.0140625
19 0.478125 0.421875 0.01875 0.02265625
20 0.490625 0.48046875 0.034375 0.05
13 0.459375 0.44140625 0.0140625 0.04453125