13 0.621875 0.59765625 0.121875 0.3734375
8 0.7625 0.41953125 0.28125 0.2953125
4 0.5078125 0.41953125 0.0578125 0.1
13 0.98125 0.48046875 0.0328125 0.09453125
13 0.3484375 0.4609375 0.0453125 0.09765625
13 0.471875 0.475 0.0390625 0.1140625
13 0.4578125 0.45546875 0.0265625 0.08046875
14 0.525 0.45234375 0.0203125 0.0609375
10 0.54375 0.4390625 0.0140625 0.04453125
8 0.4171875 0.4109375 0.0109375 0.0140625
8 0.4390625 0.41328125 0.0125 0.01953125
8 0.425 0.41328125 0.009375 0.0140625
13 0.565625 0.4328125 0.0125 0.028125
13 0.584375 0.42734375 0.0140625 0.025
13 0.4203125 0.4359375 0.0203125 0.028125
19 0.4046875 0.41328125 0.0125 0.00859375