13 0.3 0.525 0.078125 0.1953125
13 0.571875 0.55546875 0.1671875 0.22265625
5 0.38125 0.5140625 0.084375 0.125
10 0.440625 0.45 0.015625 0.04765625
10 0.2015625 0.48359375 0.028125 0.1140625
13 0.9796875 0.5671875 0.0375 0.13671875
13 0.940625 0.5359375 0.034375 0.1140625
20 0.9015625 0.58046875 0.0921875 0.078125
13 0.8546875 0.5359375 0.0640625 0.1390625
13 0.740625 0.50546875 0.046875 0.09453125
10 0.4125 0.4359375 0.0109375 0.0390625
13 0.3734375 0.44140625 0.0265625 0.04453125
13 0.4 0.44453125 0.0171875 0.0609375
13 0.3140625 0.42734375 0.03125 0.028125
13 0.03203125 0.690625 0.0640625 0.16953125