15 0.19375 0.45546875 0.10625 0.14453125
5 0.4875 0.52265625 0.1296875 0.1953125
5 0.85625 0.7578125 0.284375 0.3703125
13 0.9234375 0.49140625 0.1484375 0.1953125
4 0.825 0.40546875 0.346875 0.18671875
5 0.4890625 0.45 0.1375 0.1
17 0.3890625 0.475 0.0859375 0.18125
13 0.321875 0.45234375 0.06875 0.15859375
13 0.0578125 0.69765625 0.115625 0.590625
13 0.01484375 0.38125 0.0296875 0.08046875
13 0.0890625 0.38828125 0.0328125 0.078125
13 0.25 0.4078125 0.059375 0.1
13 0.6046875 0.43046875 0.075 0.103125
13 0.534375 0.41640625 0.0484375 0.0890625
13 0.475 0.38828125 0.0375 0.03046875
4 0.3296875 0.346875 0.1265625 0.05859375
8 0.2328125 0.34921875 0.05 0.0609375
4 0.05 0.34375 0.0640625 0.04453125
8 0.109375 0.34921875 0.053125 0.05546875
8 0.1734375 0.3578125 0.06875 0.078125
8 0.3984375 0.3578125 0.0140625 0.0609375
10 0.675 0.5609375 0.0859375 0.27265625