13 0.69375 0.871875 0.08125 0.24453125
13 0.7515625 0.63125 0.05 0.1703125
13 0.7515625 0.81171875 0.0546875 0.21484375
13 0.83125 0.55703125 0.1 0.14609375
13 0.7734375 0.49140625 0.0625 0.14296875
13 0.2828125 0.9015625 0.1328125 0.18515625
13 0.175 0.75859375 0.0984375 0.17890625
13 0.4046875 0.625 0.0734375 0.15859375
13 0.465625 0.64609375 0.0765625 0.15234375
10 0.6359375 0.56875 0.0484375 0.08984375
10 0.7 0.571875 0.0546875 0.140625
10 0.9265625 0.5359375 0.0515625 0.1046875
13 0.68125 0.503125 0.046875 0.11953125
10 0.5765625 0.7734375 0.0984375 0.19140625
19 0.8828125 0.41640625 0.1421875 0.14296875
5 0.596875 0.70625 0.184375 0.19140625
13 0.440625 0.81796875 0.1359375 0.24453125
5 0.303125 0.82109375 0.253125 0.2625
5 0.4828125 0.45546875 0.13125 0.1078125
5 0.4203125 0.55703125 0.1453125 0.15859375
9 0.3390625 0.50625 0.1515625 0.17890625
5 0.59375 0.50859375 0.14375 0.12265625
15 0.5875 0.44609375 0.153125 0.1375
9 0.659375 0.38671875 0.1140625 0.125
5 0.7578125 0.42265625 0.1359375 0.15234375
9 0.090625 0.5 0.1328125 0.18203125
5 0.1640625 0.425 0.0859375 0.08046875
5 0.1609375 0.3390625 0.0609375 0.08359375
5 0.0890625 0.38671875 0.05625 0.08359375
5 0.203125 0.375 0.0609375 0.0921875
17 0.290625 0.68203125 0.1125 0.21484375
17 0.1828125 0.27578125 0.0359375 0.0625
17 0.159375 0.27890625 0.0328125 0.071875
15 0.275 0.31484375 0.04375 0.05390625