4 0.703125 0.7921875 0.153125 0.4015625
11 0.94609375 0.8625 0.1015625 0.2578125
5 0.484375 0.925 0.1328125 0.134375
5 0.3734375 0.90703125 0.1171875 0.16796875
5 0.4625 0.7859375 0.121875 0.1828125
5 0.58125 0.81875 0.109375 0.20625
19 0.8375 0.7921875 0.10625 0.2546875
19 0.615625 0.66015625 0.0859375 0.1703125
9 0.528125 0.65390625 0.0890625 0.1828125
5 0.8796875 0.7140625 0.0703125 0.12890625
5 0.846875 0.62578125 0.0671875 0.0984375
11 0.8828125 0.54765625 0.0765625 0.15234375
5 0.565625 0.59609375 0.0578125 0.1078125
5 0.7421875 0.58671875 0.05625 0.0328125
5 0.815625 0.571875 0.0546875 0.1015625
5 0.58125 0.5390625 0.0515625 0.08671875
5 0.6453125 0.571875 0.05625 0.05703125
5 0.7390625 0.54453125 0.05625 0.0625
5 0.765625 0.52109375 0.0640625 0.09609375
5 0.675 0.5359375 0.05625 0.075
5 0.6328125 0.50625 0.05 0.08046875
5 0.59375 0.4734375 0.046875 0.0625
5 0.6921875 0.48515625 0.0515625 0.05078125
5 0.65625 0.44609375 0.053125 0.05078125
5 0.625 0.421875 0.0421875 0.0625
5 0.70625 0.45234375 0.0421875 0.04765625
17 0.6609375 0.40703125 0.0265625 0.0390625
5 0.75625 0.4640625 0.05 0.05078125
5 0.8171875 0.48515625 0.046875 0.08984375
5 0.6359375 0.37578125 0.03125 0.0359375
11 0.73125 0.41640625 0.053125 0.065625
7 0.7859375 0.43125 0.034375 0.08359375
5 0.6765625 0.37265625 0.028125 0.05078125
5 0.7 0.38359375 0.0265625 0.05703125
4 0.78125 0.25859375 0.096875 0.04765625
11 0.703125 0.30703125 0.0234375 0.0359375
5 0.8046875 0.30390625 0.028125 0.0265625
11 0.66875 0.30078125 0.021875 0.0390625
4 0.6734375 0.25859375 0.040625 0.0421875
5 0.19375 0.7859375 0.1109375 0.16171875
4 0.1265625 0.6078125 0.1875 0.27265625
5 0.2453125 0.66328125 0.071875 0.1375
5 0.35625 0.671875 0.071875 0.1078125
5 0.4 0.6015625 0.0875 0.09609375
5 0.2390625 0.55390625 0.0515625 0.08671875
5 0.3484375 0.578125 0.0359375 0.08046875
5 0.371875 0.52421875 0.059375 0.078125
5 0.359375 0.4703125 0.0671875 0.078125
4 0.5375 0.2796875 0.053125 0.04765625
17 0.2390625 0.48828125 0.0421875 0.06875
17 0.2640625 0.4640625 0.034375 0.065625
13 0.29375 0.4015625 0.01875 0.0265625
13 0.203125 0.4640625 0.0265625 0.0296875