8 0.625 0.66328125 0.1953125 0.38515625
4 0.7140625 0.47421875 0.1578125 0.2484375
11 0.9234375 0.8671875 0.1484375 0.24609375
13 0.90625 0.71015625 0.0765625 0.07734375
5 0.1734375 0.89921875 0.1328125 0.18046875
5 0.0734375 0.915625 0.0734375 0.11484375
5 0.2078125 0.7453125 0.1421875 0.2203125
5 0.2421875 0.684375 0.109375 0.1828125
5 0.30625 0.59375 0.08125 0.14765625
5 0.2921875 0.621875 0.109375 0.10078125
5 0.33125 0.47421875 0.0953125 0.09375
5 0.434375 0.665625 0.0875 0.2203125
5 0.421875 0.69609375 0.103125 0.178125
5 0.3921875 0.8453125 0.11875 0.29609375
5 0.3609375 0.89921875 0.1734375 0.18984375
15 0.71640625 0.92578125 0.1953125 0.13359375
4 0.371875 0.353125 0.0578125 0.2484375
4 0.340625 0.34140625 0.0765625 0.13828125
5 0.509375 0.4390625 0.078125 0.121875
5 0.5828125 0.40390625 0.0765625 0.1078125
5 0.5578125 0.34375 0.065625 0.07265625
5 0.4546875 0.30859375 0.015625 0.07734375
5 0.415625 0.32734375 0.0265625 0.0984375
15 0.4921875 0.33203125 0.0578125 0.0890625
5 0.4515625 0.2359375 0.03125 0.06328125
4 0.5328125 0.24296875 0.0703125 0.12421875
18 0.615625 0.27109375 0.084375 0.1546875
18 0.7296875 0.31796875 0.090625 0.159375
9 0.8234375 0.32734375 0.05 0.08671875
4 0.5765625 0.16328125 0.05 0.06328125
5 0.4578125 0.18671875 0.03125 0.03515625
4 0.534375 0.1125 0.0265625 0.03984375
8 0.6140625 0.14453125 0.0390625 0.046875
5 0.5421875 0.17265625 0.0109375 0.0234375
9 0.46875 0.17265625 0.025 0.0515625
4 0.5578125 0.0703125 0.0171875 0.0375
5 0.5 0.14453125 0.028125 0.03515625
9 0.5390625 0.15625 0.0203125 0.0421875
8 0.5765625 0.11484375 0.040625 0.03046875
9 0.5046875 0.10078125 0.0171875 0.02109375
9 0.4859375 0.11953125 0.0203125 0.01875
5 0.503125 0.07265625 0.0140625 0.01875
5 0.5203125 0.075 0.0125 0.01640625
4 0.53125 0.0515625 0.0140625 0.0140625
9 0.5390625 0.075 0.0125 0.01875
13 0.6546875 0.22421875 0.0234375 0.04921875
5 0.6484375 0.34375 0.065625 0.01171875
5 0.6203125 0.371875 0.0171875 0.05625