17 0.9359375 0.89609375 0.1203125 0.2
5 0.7109375 0.63203125 0.13125 0.11796875
13 0.425 0.95078125 0.084375 0.09140625
13 0.3234375 0.915625 0.096875 0.1625
13 0.2 0.9234375 0.1 0.14375
13 0.109375 0.86796875 0.109375 0.19765625
13 0.059375 0.77890625 0.11875 0.171875
13 0.2265625 0.82578125 0.18125 0.20234375
13 0.1625 0.7328125 0.0609375 0.12734375
13 0.05625 0.63203125 0.0671875 0.134375
13 0.1046875 0.5796875 0.046875 0.11328125
13 0.5640625 0.5984375 0.0578125 0.12265625
13 0.4359375 0.35625 0.0234375 0.046875
7 0.371875 0.6765625 0.11875 0.2046875
7 0.403125 0.61796875 0.078125 0.1296875
7 0.4234375 0.60859375 0.084375 0.1484375
7 0.6140625 0.5 0.0734375 0.12265625
7 0.853125 0.46015625 0.1015625 0.0890625
11 0.925 0.62734375 0.146875 0.25859375
4 0.6875 0.39375 0.1078125 0.10625
13 0.02265625 0.5703125 0.0453125 0.11328125
13 0.078125 0.53046875 0.034375 0.065625
13 0.1890625 0.70234375 0.0734375 0.18359375
13 0.2609375 0.615625 0.04375 0.16484375
13 0.16875 0.6109375 0.0515625 0.115625
13 0.153125 0.6015625 0.05 0.15078125
13 0.190625 0.53984375 0.040625 0.09609375
13 0.234375 0.56796875 0.034375 0.1109375
13 0.24375 0.51171875 0.0375 0.0515625
13 0.059375 0.51640625 0.0359375 0.08671875
13 0.1515625 0.4953125 0.046875 0.084375
13 0.1171875 0.47421875 0.034375 0.065625
13 0.115625 0.4203125 0.0234375 0.0375
13 0.1671875 0.4390625 0.034375 0.07734375
13 0.146875 0.4203125 0.0296875 0.0703125
13 0.2078125 0.46015625 0.0375 0.0796875
13 0.2203125 0.43671875 0.028125 0.075
13 0.259375 0.48828125 0.0296875 0.0515625
13 0.2625 0.4578125 0.028125 0.0234375
13 0.278125 0.4578125 0.034375 0.0703125
13 0.2796875 0.41328125 0.0234375 0.0328125
13 0.1921875 0.4015625 0.021875 0.05390625
13 0.19375 0.36796875 0.021875 0.01640625
13 0.3015625 0.3890625 0.0265625 0.05859375
13 0.2890625 0.36328125 0.021875 0.05390625
13 0.278125 0.34921875 0.0203125 0.04921875
13 0.31875 0.28359375 0.0125 0.0328125
13 0.2765625 0.3 0.0140625 0.03046875
11 0.253125 0.31640625 0.03125 0.046875
12 0.309375 0.2671875 0.021875 0.03046875
15 0.3453125 0.546875 0.0703125 0.06328125
5 0.3484375 0.51640625 0.071875 0.0421875
5 0.340625 0.48359375 0.0625 0.0796875
5 0.4 0.4203125 0.046875 0.065625
5 0.3453125 0.434375 0.0578125 0.0375
5 0.3453125 0.4015625 0.04375 0.0421875
5 0.346875 0.375 0.0390625 0.0328125
5 0.353125 0.35859375 0.0328125 0.0375
5 0.3515625 0.3375 0.0296875 0.02109375
5 0.3515625 0.32578125 0.028125 0.02109375
11 0.3859375 0.328125 0.0265625 0.04921875
5 0.4015625 0.309375 0.0125 0.02578125
5 0.3578125 0.3140625 0.0234375 0.01640625
5 0.3578125 0.30234375 0.0203125 0.01171875
5 0.359375 0.29296875 0.0140625 0.0046875
5 0.365625 0.29296875 0.01875 0.01875
5 0.3890625 0.290625 0.021875 0.0234375
5 0.3625 0.28125 0.0171875 0.009375
5 0.3671875 0.2765625 0.015625 0.01171875
5 0.365625 0.26953125 0.015625 0.01171875
5 0.3671875 0.26484375 0.015625 0.009375
5 0.3671875 0.2578125 0.0171875 0.0140625
13 0.34375 0.2671875 0.009375 0.02578125
13 0.328125 0.26484375 0.009375 0.0234375
13 0.4125 0.246875 0.009375 0.0234375
13 0.39375 0.2625 0.009375 0.0234375
13 0.384375 0.2578125 0.009375 0.01875
13 0.3546875 0.24453125 0.00625 0.01171875
13 0.4046875 0.24453125 0.00625 0.01875
7 0.4015625 0.2234375 0.0109375 0.01875
13 0.35 0.2375 0.00625 0.0140625
9 0.4203125 0.21875 0.00625 0.0140625
4 0.43125 0.23046875 0.015625 0.02578125
17 0.4390625 0.23984375 0.0078125 0.009375
5 0.4375 0.2578125 0.0125 0.01640625
9 0.3421875 0.228125 0.0109375 0.0140625
13 0.94375 0.4671875 0.05625 0.06328125
13 0.9796875 0.46015625 0.034375 0.06328125
13 0.91875 0.434375 0.021875 0.0328125
13 0.890625 0.434375 0.034375 0.03515625
5 0.9234375 0.42265625 0.053125 0.0328125
10 0.7953125 0.43671875 0.01875 0.028125
17 0.8 0.44609375 0.0078125 0.065625
5 0.7640625 0.434375 0.04375 0.0609375
5 0.846875 0.40390625 0.05 0.03515625
5 0.809375 0.384375 0.034375 0.0375
4 0.7609375 0.3796875 0.0515625 0.08203125
4 0.734375 0.34453125 0.09375 0.05625
5 0.6296875 0.39140625 0.0171875 0.0328125
5 0.5921875 0.3703125 0.0390625 0.0421875
5 0.5765625 0.3421875 0.0265625 0.0234375
5 0.6234375 0.2953125 0.0203125 0.0234375
12 0.6046875 0.3328125 0.03125 0.0703125
4 0.54375 0.2953125 0.0515625 0.0609375
13 0.5828125 0.3 0.0125 0.0328125
5 0.64375 0.3234375 0.0296875 0.0328125
4 0.509375 0.271875 0.0234375 0.0375
5 0.5296875 0.24921875 0.0125 0.01875
13 0.4265625 0.29296875 0.0125 0.0328125
13 0.29375 0.27890625 0.021875 0.02109375
5 0.809375 0.5609375 0.0796875 0.10390625
5 0.75 0.47890625 0.078125 0.0703125
10 0.6890625 0.471875 0.0203125 0.0328125