15 0.5703125 0.87265625 0.1328125 0.24296875
15 0.6890625 0.81015625 0.1625 0.37109375
5 0.7890625 0.83359375 0.15625 0.31484375
17 0.5296875 0.69296875 0.0765625 0.13359375
5 0.6125 0.6125 0.0890625 0.18359375
5 0.5265625 0.5953125 0.0796875 0.1546875
17 0.66875 0.559375 0.0625 0.1515625
17 0.496875 0.48828125 0.0421875 0.0953125
5 0.578125 0.49375 0.071875 0.13359375
17 0.6359375 0.4765625 0.0453125 0.09765625
11 0.503125 0.4078125 0.0515625 0.15703125
17 0.546875 0.37265625 0.03125 0.07421875
17 0.609375 0.4140625 0.046875 0.065625
5 0.603125 0.37265625 0.0484375 0.059375
5 0.5734375 0.328125 0.0421875 0.06796875
5 0.5296875 0.328125 0.034375 0.053125
17 0.6109375 0.325 0.0265625 0.0625
17 0.6046875 0.2984375 0.025 0.05078125
5 0.5140625 0.30390625 0.03125 0.04765625
5 0.515625 0.271875 0.028125 0.03828125
4 0.565625 0.240625 0.046875 0.10390625
19 0.51875 0.22578125 0.0234375 0.03828125
4 0.525 0.121875 0.021875 0.053125
14 0.709375 0.57734375 0.0171875 0.0890625
10 0.671875 0.4703125 0.0296875 0.03828125
10 0.753125 0.6484375 0.0421875 0.0625
10 0.8671875 0.828125 0.0609375 0.13046875
10 0.8171875 0.740625 0.0375 0.10390625
10 0.7890625 0.6421875 0.025 0.04140625
10 0.7109375 0.48828125 0.0171875 0.0625
10 0.7421875 0.59765625 0.0203125 0.05078125
10 0.1390625 0.4375 0.0234375 0.059375