4 0.8578125 0.89765625 0.2203125 0.19453125
4 0.675 0.64296875 0.090625 0.2765625
4 0.2453125 0.5 0.0421875 0.06171875
4 0.29375 0.465625 0.0359375 0.0546875
4 0.5609375 0.52734375 0.0296875 0.0921875
4 0.5703125 0.45546875 0.01875 0.04765625
4 0.5484375 0.4453125 0.0125 0.034375
4 0.528125 0.41796875 0.0125 0.0171875
11 0.3546875 0.50703125 0.01875 0.04453125
5 0.35625 0.5578125 0.0234375 0.040625
17 0.303125 0.53046875 0.015625 0.0375
5 0.29375 0.5171875 0.015625 0.03046875
11 0.275 0.49296875 0.01875 0.040625
11 0.334375 0.5203125 0.01875 0.0578125
19 0.5421875 0.8125 0.0609375 0.19765625
17 0.6109375 0.8359375 0.0484375 0.16015625
3 0.6546875 0.84609375 0.021875 0.08515625
5 0.79375 0.7015625 0.1078125 0.0890625
10 0.8421875 0.65390625 0.0203125 0.04453125
13 0.7515625 0.56484375 0.0171875 0.0375
13 0.8171875 0.63984375 0.028125 0.06484375
10 0.621875 0.7578125 0.021875 0.03046875
5 0.4578125 0.77109375 0.046875 0.1125
11 0.4734375 0.6875 0.0375 0.08203125
17 0.5234375 0.69453125 0.028125 0.06796875
9 0.571875 0.6671875 0.040625 0.10546875
5 0.5203125 0.6265625 0.0296875 0.06796875
5 0.4703125 0.6265625 0.0296875 0.04765625
17 0.621875 0.609375 0.021875 0.06484375
5 0.615625 0.578125 0.0296875 0.04453125
10 0.5765625 0.58515625 0.0125 0.040625
14 0.596875 0.5203125 0.0078125 0.02734375
11 0.5140625 0.54453125 0.025 0.075
11 0.46875 0.5515625 0.0203125 0.0515625
10 0.48125 0.540625 0.0078125 0.02734375
10 0.5375 0.48984375 0.00625 0.02421875
11 0.50625 0.48671875 0.0203125 0.04453125
5 0.4484375 0.48984375 0.0171875 0.02734375
5 0.4265625 0.47578125 0.015625 0.03046875
11 0.45 0.45234375 0.0171875 0.0375
15 0.2515625 0.84296875 0.084375 0.146875
11 0.315625 0.6703125 0.04375 0.1125
11 0.225 0.6640625 0.0421875 0.1125
5 0.01484375 0.6890625 0.0296875 0.071875
5 0.121875 0.58515625 0.0390625 0.04765625
17 0.153125 0.5578125 0.01875 0.04453125
5 0.315625 0.50703125 0.015625 0.02421875
5 0.3875 0.459375 0.0234375 0.0171875
13 0.9546875 0.7609375 0.0390625 0.10546875
13 0.9203125 0.73203125 0.034375 0.10546875
10 0.721875 0.7078125 0.0140625 0.0546875