4 0.3921875 0.58046875 0.1203125 0.253125
9 0.378125 0.871875 0.11875 0.23984375
5 0.05390625 0.81640625 0.1078125 0.17265625
4 0.3296875 0.52265625 0.128125 0.2671875
4 0.4453125 0.30234375 0.0546875 0.075
4 0.4375 0.3859375 0.0625 0.0921875
13 0.1515625 0.9359375 0.0765625 0.1140625
13 0.1671875 0.871875 0.075 0.13359375
13 0.2296875 0.871875 0.0640625 0.178125
13 0.1671875 0.68671875 0.0484375 0.078125
13 0.178125 0.63125 0.0421875 0.06953125
19 0.721875 0.89453125 0.1171875 0.1921875
15 0.653125 0.82421875 0.11875 0.2453125
5 0.2546875 0.65078125 0.075 0.08671875
8 0.5859375 0.47734375 0.090625 0.178125
5 0.925 0.7578125 0.1109375 0.11953125
5 0.175 0.5109375 0.0578125 0.05546875
17 0.096875 0.65859375 0.0640625 0.13671875
5 0.0484375 0.70625 0.0890625 0.04140625
13 0.084375 0.425 0.021875 0.0390625
5 0.6078125 0.66171875 0.078125 0.07265625
13 0.59375 0.73359375 0.0515625 0.178125
13 0.875 0.91640625 0.0609375 0.13359375
13 0.7859375 0.8328125 0.0546875 0.15859375
13 0.778125 0.75234375 0.059375 0.08359375
13 0.8453125 0.78828125 0.065625 0.13671875
7 0.7234375 0.58671875 0.103125 0.13671875
13 0.9765625 0.68125 0.0421875 0.08671875
13 0.815625 0.67265625 0.0484375 0.07265625
5 0.103125 0.49140625 0.0609375 0.04453125
15 0.1515625 0.4609375 0.0609375 0.04765625
17 0.2359375 0.58671875 0.05 0.0640625
5 0.259375 0.34140625 0.040625 0.03046875
13 0.2578125 0.42734375 0.0234375 0.05859375
13 0.2203125 0.4359375 0.025 0.053125
9 0.0265625 0.6140625 0.053125 0.10546875
19 0.365625 0.371875 0.0828125 0.04453125
13 0.765625 0.5109375 0.028125 0.0640625
13 0.9140625 0.6640625 0.046875 0.05
19 0.959375 0.946875 0.0765625 0.0890625