4 0.178125 0.83828125 0.1421875 0.14296875
4 0.2640625 0.9484375 0.16875 0.103125
4 0.42734375 0.23984375 0.06171875 0.05234375
4 0.390625 0.1921875 0.0390625 0.0625
5 0.478125 0.7453125 0.0375 0.06796875
5 0.57890625 0.903125 0.0578125 0.0734375
5 0.8140625 0.90390625 0.065625 0.09375
5 0.8875 0.9140625 0.0625 0.109375
5 0.55078125 0.8203125 0.04609375 0.07109375
5 0.6703125 0.8921875 0.05625 0.0890625
5 0.45078125 0.49921875 0.0265625 0.046875
5 0.540625 0.48125 0.03515625 0.05
5 0.5765625 0.484375 0.0375 0.0546875
4 0.5890625 0.43515625 0.06328125 0.0890625
5 0.45390625 0.54921875 0.04453125 0.04375
5 0.55078125 0.73828125 0.05390625 0.0484375
5 0.465625 0.38359375 0.025 0.04140625
5 0.8609375 0.79609375 0.05625 0.0609375
5 0.35546875 0.196875 0.02734375 0.0375
5 0.334375 0.2671875 0.01875 0.02421875
5 0.57890625 0.79609375 0.04609375 0.06484375
5 0.8078125 0.82265625 0.05078125 0.08046875
5 0.4953125 0.5140625 0.0375 0.04921875
5 0.4078125 0.47421875 0.02890625 0.04921875
5 0.2546875 0.109375 0.01875 0.040625
5 0.28203125 0.15390625 0.0265625 0.04609375
5 0.23203125 0.078125 0.0203125 0.0390625
5 0.2734375 0.07578125 0.02578125 0.03828125
5 0.28515625 0.240625 0.02890625 0.03671875
5 0.61328125 0.85625 0.0546875 0.07265625
5 0.6125 0.9671875 0.06875 0.065625
5 0.52265625 0.75546875 0.0453125 0.078125
5 0.490625 0.3453125 0.07421875 0.1
4 0.490625 0.3484375 0.06875 0.09765625
18 0.36484375 0.4453125 0.06484375 0.1078125
18 0.39453125 0.521875 0.0765625 0.10625
18 0.628125 0.5484375 0.06875 0.0671875
18 0.5625 0.19140625 0.03984375 0.0640625
18 0.6234375 0.24609375 0.03671875 0.065625
5 0.35859375 0.3109375 0.02421875 0.0359375
5 0.390625 0.29453125 0.03125 0.04140625