5 0.24140625 0.7265625 0.275 0.2
13 0.57734375 0.5921875 0.08984375 0.0609375
5 0.63359375 0.5890625 0.05 0.046875
13 0.69609375 0.59375 0.06640625 0.0640625
13 0.72890625 0.575 0.08125 0.0359375
13 0.92109375 0.5859375 0.12109375 0.0609375
13 0.52109375 0.5734375 0.03125 0.0421875
13 0.06015625 0.565625 0.02109375 0.0234375
5 0.07890625 0.5609375 0.01875 0.0140625
13 0.4 0.5875 0.03984375 0.0546875
13 0.33515625 0.5796875 0.03515625 0.0453125
5 0.27109375 0.5765625 0.05859375 0.0265625
13 0.44609375 0.5640625 0.02265625 0.028125
5 0.23515625 0.56875 0.03984375 0.021875
13 0.28984375 0.55625 0.01484375 0.01875
5 0.23359375 0.5515625 0.02109375 0.0109375
4 0.25 0.540625 0.01640625 0.00625
5 0.34375 0.5546875 0.01875 0.0109375
13 0.27109375 0.5546875 0.01640625 0.0140625
5 0.30390625 0.55 0.01484375 0.009375