4 0.48125 0.90390625 0.2875 0.18515625
4 0.846875 0.86875 0.3 0.25625
4 0.809375 0.67890625 0.325 0.28359375
4 0.6328125 0.74375 0.209375 0.38515625
4 0.4703125 0.68125 0.11875 0.25390625
4 0.6328125 0.525 0.1375 0.08984375
4 0.515625 0.50859375 0.0921875 0.10390625
4 0.434375 0.56484375 0.090625 0.12265625
4 0.39375 0.51484375 0.1125 0.10859375
4 0.4234375 0.45859375 0.1140625 0.06015625
4 0.340625 0.47265625 0.090625 0.10234375
4 0.06328125 0.72890625 0.1265625 0.08359375
4 0.16875 0.64140625 0.1359375 0.22265625
4 0.1875 0.5 0.0609375 0.06484375
4 0.1640625 0.42265625 0.0328125 0.05234375
4 0.28125 0.45234375 0.028125 0.07265625
4 0.303125 0.39609375 0.053125 0.0375
4 0.259375 0.42890625 0.0296875 0.05234375
4 0.234375 0.41875 0.015625 0.0375
4 0.25 0.38125 0.034375 0.02734375
5 0.0671875 0.64375 0.0671875 0.07890625
5 0.1234375 0.54609375 0.05 0.05234375
5 0.28125 0.5375 0.05625 0.05234375
5 0.7171875 0.525 0.04375 0.03125
15 0.778125 0.48125 0.034375 0.04765625
17 0.31875 0.58125 0.0625 0.06640625
9 0.15 0.49140625 0.028125 0.04609375
17 0.1359375 0.46640625 0.021875 0.03515625
17 0.1328125 0.44140625 0.0171875 0.01484375
5 0.1890625 0.4375 0.025 0.02109375