11 0.078125 0.64921875 0.146875 0.1734375
11 0.178125 0.628125 0.05 0.075
11 0.26875 0.6125 0.04375 0.065625
11 0.509375 0.66328125 0.046875 0.07734375
11 0.334375 0.59609375 0.08125 0.0375
18 0.3703125 0.5703125 0.0921875 0.0328125
13 0.31875 0.63046875 0.021875 0.046875
11 0.5265625 0.60546875 0.028125 0.046875
5 0.4953125 0.60546875 0.025 0.0328125
4 0.6421875 0.59609375 0.05 0.075
18 0.5640625 0.575 0.03125 0.0328125
18 0.7125 0.5890625 0.025 0.0328125
11 0.8 0.61484375 0.0515625 0.0328125
4 0.503125 0.5515625 0.0265625 0.03046875
7 0.4625 0.575 0.015625 0.028125
3 0.3515625 0.6375 0.0125 0.02109375