13 0.9765625 0.92265625 0.04375 0.10234375
13 0.9109375 0.92265625 0.05625 0.125
13 0.95625 0.84453125 0.0546875 0.06015625
13 0.91875 0.79453125 0.0359375 0.04765625
13 0.8890625 0.83828125 0.0390625 0.06484375
13 0.8515625 0.79921875 0.04375 0.09375
13 0.865625 0.72578125 0.03125 0.05390625
13 0.8109375 0.75546875 0.040625 0.075
13 0.828125 0.70078125 0.0359375 0.03515625
13 0.76875 0.703125 0.0328125 0.06484375
13 0.75 0.653125 0.0234375 0.03359375
13 0.725 0.76796875 0.0671875 0.07734375
13 0.66875 0.759375 0.0484375 0.08984375
13 0.6390625 0.71953125 0.021875 0.06484375
13 0.590625 0.68203125 0.028125 0.06484375
13 0.6171875 0.67421875 0.025 0.06484375
13 0.66875 0.653125 0.025 0.04765625
13 0.64375 0.65703125 0.0234375 0.05234375
13 0.6109375 0.62265625 0.0203125 0.04375
13 0.6421875 0.6125 0.0203125 0.04140625
13 0.6359375 0.58515625 0.015625 0.0125
13 0.5796875 0.61484375 0.0203125 0.03984375
13 0.6015625 0.58984375 0.015625 0.02890625
13 0.590625 0.56640625 0.0109375 0.02734375
13 0.58125 0.56015625 0.0109375 0.025
13 0.5953125 0.55 0.0109375 0.0125
13 0.58125 0.5375 0.009375 0.01484375
13 0.5953125 0.53515625 0.009375 0.0125
13 0.1078125 0.821875 0.059375 0.08515625
13 0.3546875 0.678125 0.028125 0.05234375
13 0.328125 0.671875 0.025 0.05390625
13 0.384375 0.63203125 0.0203125 0.02109375
13 0.403125 0.59765625 0.0125 0.02890625
13 0.390625 0.58984375 0.0125 0.02109375
13 0.428125 0.57265625 0.00625 0.0125
13 0.4203125 0.57265625 0.0078125 0.0125
15 0.1140625 0.75078125 0.109375 0.06015625
15 0.2328125 0.70078125 0.075 0.06484375
15 0.29375 0.66796875 0.040625 0.05234375
5 0.3359375 0.63046875 0.0234375 0.03125
5 0.4015625 0.659375 0.0375 0.0375
5 0.3921875 0.70703125 0.03125 0.05625
5 0.334375 0.76328125 0.05625 0.07734375
5 0.278125 0.87421875 0.109375 0.11875
5 0.3765625 0.61484375 0.0328125 0.0125
17 0.56875 0.57890625 0.0140625 0.03125
4 0.546875 0.5875 0.03125 0.0625
4 0.4609375 0.60625 0.05 0.06875
7 0.546875 0.66328125 0.0328125 0.07109375
17 0.56875 0.51875 0.0078125 0.01484375
20 0.7515625 0.84453125 0.05625 0.08515625