11 0.04296875 0.61171875 0.0859375 0.19453125
15 0.1421875 0.35078125 0.0671875 0.05625
15 0.203125 0.3203125 0.0484375 0.02578125
17 0.2140625 0.3578125 0.0328125 0.046875
17 0.2578125 0.35078125 0.0328125 0.05390625
5 0.4015625 0.2921875 0.03125 0.0375
17 0.4546875 0.20546875 0.0109375 0.01875
10 0.471875 0.2125 0.00625 0.01640625
17 0.503125 0.17734375 0.0046875 0.009375
17 0.49375 0.17734375 0.0015625 0.009375
16 0.10234375 0.89296875 0.2046875 0.19921875
9 0.25625 0.66796875 0.134375 0.22734375
5 0.3421875 0.58203125 0.075 0.121875
9 0.3609375 0.48359375 0.078125 0.10546875
5 0.409375 0.45546875 0.0265625 0.0796875
15 0.4109375 0.3921875 0.05 0.046875
5 0.4359375 0.36484375 0.0390625 0.02578125
19 0.446875 0.33203125 0.0421875 0.046875
19 0.478125 0.31796875 0.0203125 0.05390625
5 0.4796875 0.28515625 0.025 0.0140625
15 0.4890625 0.26640625 0.025 0.028125
5 0.5109375 0.2640625 0.00625 0.02578125
19 0.515625 0.21953125 0.01875 0.0140625
19 0.521875 0.2078125 0.0140625 0.009375
19 0.3390625 0.94140625 0.1796875 0.10546875
9 0.4015625 0.78515625 0.1484375 0.23203125
5 0.4234375 0.6375 0.1 0.075
5 0.4484375 0.55859375 0.078125 0.08671875
5 0.4453125 0.49296875 0.0609375 0.05625
5 0.48125 0.434375 0.053125 0.06328125
5 0.503125 0.3875 0.040625 0.03984375
5 0.490625 0.353125 0.0421875 0.02578125
5 0.5203125 0.34375 0.0296875 0.03984375
19 0.5171875 0.30625 0.034375 0.02578125
9 0.53125 0.28046875 0.021875 0.02578125
5 0.528125 0.25703125 0.0171875 0.01171875
4 0.5359375 0.21953125 0.0046875 0.0375
4 0.5671875 0.18671875 0.0171875 0.01640625
4 0.5890625 0.19140625 0.0203125 0.02109375
4 0.5609375 0.2359375 0.0421875 0.03046875
4 0.584375 0.16796875 0.0078125 0.009375
4 0.5703125 0.165625 0.0078125 0.00703125
4 0.6015625 0.23828125 0.0359375 0.0421875
4 0.575 0.2734375 0.04375 0.03515625
4 0.5828125 0.21015625 0.0203125 0.0140625
4 0.575 0.325 0.0546875 0.06796875
4 0.6109375 0.2875 0.01875 0.04921875
4 0.646875 0.3015625 0.0515625 0.04453125
4 0.6640625 0.378125 0.084375 0.07265625
4 0.7296875 0.49765625 0.1046875 0.16640625
19 0.815625 0.4625 0.0703125 0.075
17 0.8046875 0.5609375 0.040625 0.11953125
17 0.865625 0.53984375 0.05 0.0609375
17 0.8609375 0.5984375 0.06875 0.04921875
17 0.8265625 0.66796875 0.0796875 0.09609375
17 0.9171875 0.67265625 0.0859375 0.1125
17 0.8703125 0.77109375 0.1140625 0.10078125
17 0.8984375 0.89453125 0.1140625 0.15703125
17 0.91875 0.984375 0.1125 0.01640625
17 0.7265625 0.76171875 0.0828125 0.11015625
17 0.725 0.8484375 0.0875 0.05859375
9 0.9484375 0.54921875 0.0890625 0.11484375
5 0.8828125 0.49296875 0.059375 0.03046875
15 0.7015625 0.64453125 0.0953125 0.12890625
15 0.56875 0.396875 0.0578125 0.0609375
10 0.575 0.44375 0.021875 0.0234375
16 0.60625 0.45078125 0.0453125 0.028125
11 0.6 0.4953125 0.0578125 0.0328125
11 0.6265625 0.53984375 0.0125 0.05390625
15 0.5875 0.58671875 0.0734375 0.15703125
5 0.5265625 0.52109375 0.0625 0.10546875
5 0.5828125 0.71953125 0.1046875 0.09609375
19 0.5703125 0.834375 0.1296875 0.12890625
17 0.659375 0.490625 0.03125 0.09609375
4 0.7234375 0.94609375 0.2765625 0.09609375