5 0.7109375 0.91328125 0.1421875 0.1609375
5 0.90625 0.9609375 0.1078125 0.065625
5 0.8640625 0.84453125 0.1421875 0.1609375
5 0.6390625 0.7734375 0.1125 0.2328125
5 0.9390625 0.69140625 0.1140625 0.11953125
5 0.815625 0.71484375 0.1125 0.1375
5 0.596875 0.61640625 0.0796875 0.07734375
5 0.6203125 0.54140625 0.0796875 0.05390625
5 0.6953125 0.559375 0.0546875 0.14921875
5 0.571875 0.48515625 0.075 0.065625
5 0.5625 0.425 0.0546875 0.05078125
5 0.553125 0.38359375 0.0484375 0.0359375
5 0.5484375 0.35078125 0.0359375 0.0296875
5 0.8578125 0.49375 0.0421875 0.08359375
5 0.8640625 0.5953125 0.06875 0.1078125
5 0.1953125 0.75234375 0.1140625 0.1609375
5 0.2890625 0.640625 0.0859375 0.13125
5 0.15625 0.58359375 0.04375 0.071875
5 0.246875 0.51484375 0.0515625 0.0953125
5 0.5984375 0.38046875 0.025 0.075
5 0.02265625 0.95078125 0.0453125 0.08671875
5 0.4 0.6703125 0.1015625 0.07734375
5 0.390625 0.32109375 0.025 0.065625
5 0.346875 0.28203125 0.01875 0.04140625
5 0.321875 0.31484375 0.0265625 0.0390625
5 0.2953125 0.3625 0.0390625 0.04765625
5 0.3796875 0.25546875 0.01875 0.0296875
5 0.4203125 0.25234375 0.0296875 0.0328125
5 0.2890625 0.25546875 0.025 0.02421875
5 0.3328125 0.4671875 0.05625 0.04453125
5 0.3390625 0.3984375 0.03125 0.065625
5 0.3328125 0.9640625 0.1640625 0.0625
5 0.55625 0.2359375 0.0234375 0.02109375
5 0.3171875 0.2609375 0.0265625 0.01484375
5 0.446875 0.2390625 0.0171875 0.0265625
5 0.90625 0.41640625 0.0703125 0.05390625
9 0.95625 0.54453125 0.0796875 0.14609375
9 0.7796875 0.575 0.1 0.14609375
9 0.784375 0.36875 0.040625 0.12265625
17 0.8296875 0.41328125 0.04375 0.0625
17 0.734375 0.45234375 0.034375 0.06875
17 0.634375 0.38046875 0.0359375 0.0265625
17 0.5609375 0.3 0.0328125 0.0296875
17 0.034375 0.796875 0.06875 0.21484375
17 0.6015625 0.3328125 0.034375 0.01484375
11 0.546875 0.2 0.025 0.04453125
11 0.0578125 0.4703125 0.075 0.15234375
10 0.2171875 0.63125 0.0421875 0.08046875
10 0.54375 0.64609375 0.021875 0.1078125
10 0.8625 0.41328125 0.01875 0.04765625
11 0.3515625 0.81796875 0.14375 0.22421875
10 0.2171875 0.31796875 0.0171875 0.02109375
10 0.2328125 0.30859375 0.00625 0.0328125
9 0.2578125 0.296875 0.0375 0.05703125
4 0.2390625 0.2390625 0.0515625 0.075
4 0.31875 0.2 0.05 0.08671875
4 0.3734375 0.19375 0.0515625 0.065625
4 0.09375 0.34140625 0.134375 0.1015625
8 0.1921875 0.38984375 0.0953125 0.11640625
15 0.278125 0.42265625 0.075 0.065625
15 0.146875 0.49375 0.096875 0.08046875
15 0.4265625 0.35390625 0.046875 0.04765625
9 0.440625 0.28828125 0.0375 0.0296875
15 0.3953125 0.4046875 0.0703125 0.05390625
9 0.396875 0.47890625 0.0671875 0.059375
9 0.4015625 0.571875 0.084375 0.11640625
9 0.1015625 0.69375 0.059375 0.203125
4 0.603125 0.24453125 0.0640625 0.08984375
4 0.6921875 0.303125 0.10625 0.1375
4 0.7671875 0.2609375 0.034375 0.0625
4 0.690625 0.21171875 0.059375 0.05078125
4 0.6453125 0.18203125 0.028125 0.05703125
4 0.6140625 0.1703125 0.03125 0.05390625
4 0.5734375 0.1671875 0.0265625 0.04453125
4 0.59375 0.1640625 0.009375 0.05390625
19 0.675 0.440625 0.0765625 0.0953125
9 0.453125 0.19375 0.0203125 0.0296875
10 0.4625 0.2296875 0.009375 0.0265625
5 0.15 0.91015625 0.1796875 0.1671875