17 0.8875 0.878125 0.0859375 0.146875
17 0.35625 0.55859375 0.015625 0.03046875
5 0.21875 0.875 0.1171875 0.1375
5 0.6640625 0.78359375 0.08125 0.1078125
5 0.659375 0.6765625 0.0515625 0.0609375
5 0.3671875 0.6484375 0.04375 0.04921875
5 0.4203125 0.59609375 0.028125 0.0375
5 0.4828125 0.53046875 0.0171875 0.01875
5 0.4015625 0.5421875 0.01875 0.02109375
5 0.553125 0.5984375 0.021875 0.04921875
5 0.4125 0.509375 0.0140625 0.0140625
5 0.471875 0.48828125 0.009375 0.01171875
16 0.4015625 0.5234375 0.015625 0.01171875
10 0.38125 0.603125 0.0125 0.03984375
9 0.1734375 0.70234375 0.071875 0.084375
5 0.0578125 0.65546875 0.0671875 0.04921875
5 0.103125 0.62734375 0.0421875 0.03984375
5 0.2375 0.5703125 0.0296875 0.03046875
5 0.2625 0.565625 0.015625 0.02578125
5 0.2359375 0.546875 0.03125 0.0140625
13 0.053125 0.71640625 0.0359375 0.06328125
13 0.0203125 0.73515625 0.0296875 0.065625
9 0.38125 0.76015625 0.0671875 0.1125
10 0.53125 0.51640625 0.0078125 0.01640625
10 0.546875 0.51640625 0.0046875 0.01875
11 0.4359375 0.5421875 0.0203125 0.028125
4 0.509375 0.6078125 0.0609375 0.12578125
4 0.4296875 0.5140625 0.01875 0.0234375
4 0.4359375 0.49296875 0.01875 0.01640625
4 0.4765625 0.4671875 0.0078125 0.0140625
18 0.4890625 0.49296875 0.015625 0.0328125
13 0.1671875 0.6390625 0.021875 0.05390625
13 0.084375 0.68828125 0.028125 0.0609375