2 0.940625 0.88203125 0.1125 0.21875
9 0.3625 0.85625 0.1140625 0.2609375
5 0.2609375 0.66953125 0.0921875 0.14375
17 0.1015625 0.615625 0.0703125 0.11796875
17 0.190625 0.59609375 0.0625 0.11328125
16 0.3703125 0.59609375 0.0609375 0.10625
17 0.925 0.69296875 0.1078125 0.14140625
10 0.81875 0.80703125 0.0421875 0.10859375
4 0.65625 0.6953125 0.2859375 0.52734375
5 0.765625 0.60390625 0.103125 0.125
3 0.775 0.5328125 0.040625 0.05390625
4 0.63125 0.39140625 0.09375 0.1296875
4 0.5640625 0.384375 0.065625 0.09375
17 0.4921875 0.4671875 0.034375 0.08203125
9 0.3921875 0.49296875 0.046875 0.09140625
17 0.31875 0.51171875 0.05 0.09609375
17 0.184375 0.48359375 0.04375 0.0703125
17 0.1734375 0.44609375 0.0359375 0.0609375
17 0.3015625 0.471875 0.0328125 0.0703125
5 0.2578125 0.453125 0.05625 0.06328125
5 0.2421875 0.41796875 0.053125 0.05625
5 0.2078125 0.3984375 0.0375 0.0421875
5 0.48125 0.40625 0.028125 0.03984375
15 0.3875 0.42265625 0.0375 0.04921875
17 0.3359375 0.4296875 0.0328125 0.06796875
17 0.30625 0.41328125 0.028125 0.0421875
5 0.475 0.36328125 0.0359375 0.0421875
4 0.346875 0.35625 0.05 0.07734375
4 0.2875 0.33515625 0.0578125 0.0703125
5 0.2453125 0.3515625 0.025 0.0328125
5 0.390625 0.36328125 0.0328125 0.0421875
5 0.3859375 0.33046875 0.0265625 0.02578125
4 0.31875 0.27421875 0.0421875 0.0515625
4 0.5671875 0.2625 0.0609375 0.0375
5 0.3859375 0.309375 0.0203125 0.01640625