11 0.459375 0.19921875 0.0375 0.05
11 0.4875 0.1796875 0.021875 0.03359375
4 0.5234375 0.04296875 0.025 0.01953125
9 0.4953125 0.27421875 0.0140625 0.04296875
13 0.4796875 0.26015625 0.0140625 0.021875
13 0.7953125 0.9421875 0.0484375 0.0984375
13 0.8703125 0.9546875 0.0640625 0.06953125
13 0.884375 0.89921875 0.04375 0.0671875
13 0.90625 0.8515625 0.059375 0.05546875
13 0.603125 0.7796875 0.0390625 0.07421875
13 0.4625 0.98046875 0.0421875 0.03125
13 0.1125 0.70625 0.015625 0.09140625
13 0.859375 0.76484375 0.0375 0.07890625
13 0.9609375 0.65859375 0.0328125 0.0453125
13 0.9203125 0.71328125 0.040625 0.06015625
13 0.8984375 0.6390625 0.0328125 0.0453125
13 0.6953125 0.6390625 0.034375 0.06015625
13 0.74375 0.5671875 0.0296875 0.0625
13 0.94375 0.45234375 0.028125 0.04296875
13 0.95 0.6125 0.0328125 0.05
13 0.8328125 0.6171875 0.028125 0.02890625
13 0.940625 0.3828125 0.01875 0.0359375
13 0.971875 0.3875 0.021875 0.021875
13 0.9203125 0.40859375 0.0140625 0.021875
13 0.971875 0.3078125 0.0203125 0.0265625
13 0.903125 0.2375 0.0171875 0.01953125
13 0.9328125 0.215625 0.0125 0.01953125
13 0.9296875 0.26953125 0.0046875 0.01640625
13 0.6921875 0.2671875 0.0171875 0.0265625
13 0.315625 0.5265625 0.0328125 0.03125
13 0.3203125 0.4859375 0.0296875 0.03828125
13 0.3453125 0.4546875 0.0296875 0.0359375
13 0.396875 0.42109375 0.0234375 0.05
13 0.465625 0.51171875 0.0328125 0.03125
13 0.440625 0.52421875 0.028125 0.021875
4 0.6546875 0.03828125 0.059375 0.01953125
4 0.6484375 0.07421875 0.0328125 0.02421875
4 0.6890625 0.0625 0.028125 0.03359375
4 0.71875 0.06484375 0.025 0.0140625
18 0.7296875 0.08359375 0.034375 0.00703125
18 0.7578125 0.12265625 0.040625 0.0625
4 0.7921875 0.17734375 0.04375 0.04765625
8 0.8296875 0.53828125 0.059375 0.1171875
8 0.8875 0.4546875 0.0390625 0.08125
8 0.775 0.70390625 0.0875 0.15625
11 0.515625 0.92109375 0.084375 0.11953125
11 0.9796875 0.4328125 0.0359375 0.0625
13 0.9359375 0.50234375 0.025 0.03125
11 0.975 0.55546875 0.046875 0.08359375
13 0.9234375 0.58125 0.015625 0.05546875
17 0.778125 0.58671875 0.0390625 0.0578125
13 0.840625 0.6796875 0.0234375 0.04296875
13 0.8625 0.70859375 0.028125 0.0359375
5 0.9765625 0.74453125 0.0421875 0.125
8 0.9453125 0.346875 0.040625 0.0453125
11 0.8359375 0.4421875 0.0546875 0.08125
11 0.8875 0.32734375 0.046875 0.05
11 0.88125 0.246875 0.025 0.02421875
11 0.9140625 0.20859375 0.021875 0.03359375
11 0.6734375 0.9109375 0.184375 0.16796875
19 0.6609375 0.80078125 0.065625 0.04765625
10 0.0234375 0.96875 0.04375 0.05546875
5 0.0453125 0.76953125 0.090625 0.0671875
5 0.053125 0.8609375 0.10625 0.12265625
5 0.1359375 0.7890625 0.1 0.08671875
19 0.134375 0.9546875 0.1359375 0.08359375
7 0.215625 0.8109375 0.05 0.06484375
7 0.321875 0.60078125 0.0453125 0.125
7 0.3265625 0.68203125 0.090625 0.07421875
4 0.2 0.64609375 0.1609375 0.18671875
4 0.3375 0.846875 0.2078125 0.2875
4 0.4859375 0.6390625 0.2109375 0.2515625
5 0.3640625 0.58359375 0.0375 0.08359375
5 0.39375 0.5140625 0.0625 0.0578125
17 0.4359375 0.4640625 0.040625 0.06953125
4 0.4671875 0.3703125 0.0828125 0.1171875
4 0.525 0.446875 0.03125 0.12734375
4 0.55625 0.27421875 0.103125 0.08359375
4 0.6375 0.19921875 0.059375 0.06484375
4 0.65625 0.1296875 0.0359375 0.0359375
4 0.6515625 0.09609375 0.03125 0.01640625
4 0.70625 0.125 0.04375 0.05546875
11 0.73125 0.17265625 0.0390625 0.03828125
11 0.684375 0.20625 0.025 0.03828125
11 0.7359375 0.23515625 0.0328125 0.02890625
0 0.721875 0.26484375 0.040625 0.03359375
13 0.621875 0.1125 0.0109375 0.01171875
17 0.5859375 0.228125 0.025 0.0265625
11 0.65625 0.3078125 0.05625 0.0359375
4 0.7375 0.3515625 0.0625 0.1390625
11 0.7765625 0.34140625 0.0140625 0.071875
4 0.778125 0.24921875 0.0515625 0.0625
4 0.675 0.428125 0.0609375 0.1796875
4 0.6140625 0.490625 0.10625 0.1921875
11 0.409375 0.56953125 0.0453125 0.0359375
11 0.209375 0.490625 0.075 0.06015625
11 0.621875 0.06484375 0.0234375 0.03125
8 0.8671875 0.18671875 0.028125 0.03125