4 0.2390625 0.69765625 0.315625 0.37734375
18 0.7125 0.8046875 0.246875 0.3453125
18 0.9109375 0.5078125 0.171875 0.21484375
11 0.5671875 0.6046875 0.2140625 0.3546875
11 0.4609375 0.52265625 0.1703125 0.3203125
11 0.35625 0.43515625 0.1375 0.18515625
4 0.2578125 0.4125 0.0671875 0.16015625
18 0.225 0.35234375 0.090625 0.18515625
18 0.1484375 0.3171875 0.06875 0.1125
11 0.6 0.2953125 0.0734375 0.15234375
11 0.7390625 0.2671875 0.0921875 0.125
18 0.665625 0.25234375 0.0625 0.11015625
17 0.7484375 0.35 0.0390625 0.0703125
19 0.696875 0.3625 0.053125 0.08984375
19 0.91875 0.36484375 0.0921875 0.0921875
5 0.14375 0.43984375 0.0625 0.0671875
19 0.0484375 0.5546875 0.0796875 0.1375
11 0.5453125 0.3046875 0.04375 0.1
7 0.5109375 0.2921875 0.0375 0.0703125
19 0.421875 0.3078125 0.075 0.075
4 0.35 0.27265625 0.215625 0.12265625
11 0.496875 0.2578125 0.04375 0.0796875
11 0.1015625 0.1875 0.0375 0.0703125
11 0.084375 0.1671875 0.03125 0.0703125
5 0.096875 0.23515625 0.028125 0.0375