16 0.515625 0.971875 0.125 0.04765625
17 0.328125 0.8546875 0.075 0.1578125
17 0.2953125 0.7734375 0.0640625 0.11875
17 0.425 0.625 0.0359375 0.0625
17 0.3859375 0.6125 0.0375 0.06640625
17 0.33125 0.6140625 0.0390625 0.06875
17 0.3296875 0.5703125 0.028125 0.02734375
5 0.2375 0.6953125 0.084375 0.07265625
5 0.1296875 0.6015625 0.0875 0.04765625
5 0.49375 0.71171875 0.0703125 0.0875
11 0.4171875 0.74140625 0.0875 0.17265625
10 0.259375 0.5828125 0.0171875 0.03359375
10 0.3125 0.55390625 0.0125 0.02734375
10 0.33125 0.51640625 0.009375 0.02265625
19 0.2515625 0.51640625 0.0421875 0.04140625
5 0.375 0.53515625 0.034375 0.04609375
5 0.425 0.52265625 0.03125 0.0375
5 0.3765625 0.48515625 0.025 0.02890625
15 0.428125 0.49140625 0.028125 0.03125
5 0.43125 0.46640625 0.0203125 0.01875
1 0.3921875 0.46015625 0.0203125 0.02734375
5 0.4171875 0.44765625 0.0140625 0.01484375
5 0.4015625 0.44609375 0.0125 0.01640625
5 0.428125 0.43984375 0.0125 0.0125
5 0.4375 0.43359375 0.0125 0.0125
4 0.4 0.4109375 0.0140625 0.02109375
13 0.771875 0.94375 0.1328125 0.10625
10 0.6921875 0.9125 0.0390625 0.0875
10 0.671875 0.8484375 0.0390625 0.0890625
5 0.8234375 0.8625 0.1796875 0.1765625
5 0.9765625 0.94140625 0.0390625 0.11015625
19 0.871875 0.77734375 0.1734375 0.1890625
5 0.959375 0.79609375 0.0765625 0.14375
11 0.70625 0.69921875 0.1078125 0.16640625
5 0.621875 0.66015625 0.0578125 0.08515625
0 0.6 0.6 0.046875 0.07890625
9 0.5546875 0.56875 0.046875 0.07265625
5 0.6546875 0.59140625 0.0578125 0.04765625
17 0.9515625 0.68515625 0.071875 0.0828125
4 0.9453125 0.61640625 0.10625 0.1375
16 0.8578125 0.68515625 0.1140625 0.0828125
5 0.853125 0.6375 0.090625 0.06640625
5 0.7703125 0.69140625 0.05625 0.09765625
5 0.759375 0.6328125 0.08125 0.0703125
17 0.7890625 0.60625 0.046875 0.06875
17 0.86875 0.60625 0.046875 0.05625
17 0.8703125 0.5703125 0.04375 0.02734375
5 0.7109375 0.5890625 0.05625 0.05390625
4 0.778125 0.54765625 0.121875 0.11015625
11 0.5953125 0.54375 0.0484375 0.04140625
11 0.6640625 0.55390625 0.0453125 0.04765625
5 0.6984375 0.54140625 0.0375 0.0375
0 0.7 0.51875 0.034375 0.0375
5 0.6265625 0.53515625 0.0359375 0.04140625
9 0.6609375 0.51015625 0.0421875 0.03125
9 0.603125 0.50390625 0.0359375 0.0375
5 0.6296875 0.50234375 0.0234375 0.02890625
9 0.5421875 0.53125 0.034375 0.03984375
5 0.56875 0.51875 0.03125 0.03515625
5 0.6734375 0.4875 0.0328125 0.01640625
17 0.65625 0.47890625 0.0203125 0.025
5 0.5015625 0.5125 0.015625 0.03125
9 0.546875 0.49609375 0.0296875 0.03125
17 0.634375 0.47890625 0.01875 0.01875
5 0.575 0.48984375 0.021875 0.02109375
4 0.6125 0.4625 0.0484375 0.0375
19 0.503125 0.47734375 0.021875 0.02265625
18 0.5515625 0.45390625 0.0234375 0.025
4 0.5515625 0.41484375 0.025 0.01640625
11 0.4890625 0.44765625 0.0171875 0.02109375