1 0.6265625 0.73125 0.46875 0.52265625
4 0.121875 0.6 0.24375 0.78984375
5 0.3703125 0.7875 0.3125 0.41640625
16 0.2828125 0.63125 0.1953125 0.15234375
19 0.828125 0.45390625 0.1765625 0.20234375
5 0.95 0.40234375 0.0703125 0.14375
10 0.9640625 0.54140625 0.0484375 0.12265625
19 0.4796875 0.47109375 0.2015625 0.225
17 0.6140625 0.49140625 0.125 0.18125
5 0.3390625 0.45859375 0.190625 0.17734375
4 0.5640625 0.22890625 0.103125 0.09375
5 0.6390625 0.38125 0.1171875 0.08984375
0 0.853125 0.325 0.125 0.1
5 0.5375 0.35234375 0.1 0.05390625
5 0.953125 0.31015625 0.071875 0.07265625
5 0.609375 0.3125 0.0765625 0.05234375
10 0.2875 0.33359375 0.0375 0.05234375
17 0.41875 0.27265625 0.0421875 0.05
17 0.4953125 0.24140625 0.0265625 0.0375
17 0.4640625 0.25 0.0234375 0.0375
5 0.7046875 0.30390625 0.0859375 0.075
5 0.7421875 0.34140625 0.103125 0.07265625
5 0.6578125 0.27734375 0.0625 0.0625
5 0.74375 0.27265625 0.0515625 0.04375
19 0.8390625 0.25234375 0.0734375 0.06484375
19 0.934375 0.24375 0.071875 0.0625
11 0.7078125 0.23984375 0.0578125 0.03984375