19 0.696875 0.9609375 0.1828125 0.075
15 0.628125 0.6140625 0.1671875 0.275
5 0.6 0.85859375 0.184375 0.2109375
17 0.621875 0.43046875 0.078125 0.0890625
15 0.5390625 0.3890625 0.0765625 0.14140625
5 0.4859375 0.353125 0.0296875 0.103125
17 0.425 0.29453125 0.0359375 0.046875
4 0.43125 0.18046875 0.0859375 0.103125
4 0.4828125 0.10859375 0.09375 0.04140625
4 0.2796875 0.84453125 0.265625 0.303125
4 0.4375 0.56953125 0.16875 0.4390625
4 0.221875 0.5859375 0.171875 0.253125
4 0.065625 0.73046875 0.13125 0.5359375
4 0.2609375 0.38046875 0.1140625 0.175
4 0.15 0.353125 0.0953125 0.20546875
8 0.36875 0.30546875 0.09375 0.08046875
4 0.2734375 0.26640625 0.0796875 0.053125
4 0.1984375 0.228125 0.0734375 0.05
4 0.3484375 0.2 0.065625 0.128125
4 0.275 0.16640625 0.06875 0.06640625
4 0.278125 0.21953125 0.0671875 0.0390625
4 0.3390625 0.1140625 0.0484375 0.03359375
4 0.2609375 0.1109375 0.05625 0.05
4 0.3484375 0.06953125 0.0359375 0.03359375
11 0.303125 0.1109375 0.025 0.04453125