9 0.1765625 0.82734375 0.0875 0.16796875
3 0.15 0.6890625 0.01875 0.05
10 0.359375 0.5359375 0.0609375 0.04765625
13 0.13125 0.3515625 0.046875 0.08125
13 0.1625 0.2203125 0.08125 0.08671875
13 0.071875 0.228125 0.0828125 0.053125
13 0.2359375 0.17734375 0.0671875 0.08359375
13 0.7078125 0.23046875 0.025 0.0359375
13 0.71875 0.1796875 0.0328125 0.0578125
13 0.65625 0.15078125 0.059375 0.07421875
13 0.8578125 0.5140625 0.0734375 0.071875
13 0.9046875 0.43515625 0.0640625 0.03125
17 0.253125 0.8078125 0.0578125 0.1078125
17 0.2734375 0.928125 0.0578125 0.1296875
17 0.365625 0.95 0.0546875 0.09140625
17 0.421875 0.51640625 0.05625 0.053125
17 0.71875 0.2625 0.05625 0.03828125
5 0.9515625 0.49296875 0.0859375 0.09140625
5 0.565625 0.571875 0.0609375 0.103125
5 0.61875 0.5140625 0.0734375 0.0984375
5 0.5046875 0.825 0.078125 0.134375
11 0.553125 0.93984375 0.084375 0.1078125
5 0.76875 0.625 0.0796875 0.16328125
5 0.4234375 0.8515625 0.0890625 0.13671875
5 0.3296875 0.84375 0.08125 0.103125
5 0.1765625 0.95703125 0.0734375 0.07421875
5 0.03984375 0.340625 0.0796875 0.05546875
13 0.059375 0.38984375 0.028125 0.05
5 0.228125 0.3078125 0.134375 0.06484375
5 0.209375 0.38046875 0.1 0.07421875
5 0.421875 0.30546875 0.1328125 0.10078125
5 0.7765625 0.06953125 0.0953125 0.08671875
5 0.0734375 0.29609375 0.1 0.07421875
20 0.8640625 0.46875 0.04375 0.03125
20 0.603125 0.14140625 0.05625 0.053125