13 0.875 0.95546875 0.021875 0.04453125
13 0.8015625 0.94296875 0.01875 0.0828125
11 0.8765625 0.89375 0.0828125 0.05703125
13 0.9828125 0.91953125 0.0265625 0.10390625
13 0.625 0.93515625 0.03125 0.121875
13 0.8484375 0.72578125 0.0203125 0.08046875
11 0.9296875 0.77421875 0.1359375 0.16875
10 0.596875 0.91171875 0.0171875 0.0625
17 0.9171875 0.22109375 0.0125 0.02578125
17 0.925 0.18984375 0.0125 0.015625
4 0.8734375 0.21015625 0.0296875 0.03359375
4 0.840625 0.1765625 0.021875 0.04921875
4 0.8109375 0.2234375 0.0296875 0.04140625
4 0.8109375 0.1765625 0.025 0.03671875
4 0.765625 0.25078125 0.04375 0.06484375
4 0.840625 0.24140625 0.025 0.0234375
4 0.8671875 0.246875 0.0265625 0.03359375
4 0.896875 0.253125 0.0296875 0.03359375
4 0.834375 0.2609375 0.03125 0.01796875
4 0.8015625 0.28984375 0.0328125 0.03671875
4 0.859375 0.28671875 0.025 0.04140625
4 0.8921875 0.28671875 0.034375 0.03359375
4 0.871875 0.35703125 0.04375 0.075
4 0.8328125 0.32578125 0.025 0.03671875
4 0.809375 0.378125 0.0390625 0.0671875
4 0.7625 0.3390625 0.0578125 0.0546875
17 0.915625 0.27890625 0.0125 0.03671875
4 0.7125 0.47109375 0.065625 0.140625
4 0.7625 0.47890625 0.071875 0.14296875
13 0.85 0.4296875 0.0109375 0.02578125
13 0.840625 0.390625 0.015625 0.015625
13 0.8390625 0.484375 0.015625 0.02578125
13 0.8796875 0.6484375 0.0328125 0.03671875
13 0.828125 0.6328125 0.0125 0.04453125
13 0.8109375 0.5515625 0.01875 0.03359375
13 0.7765625 0.6015625 0.021875 0.03125
17 0.81875 0.47109375 0.025 0.04921875
5 0.8015625 0.51015625 0.0375 0.02578125
17 0.7328125 0.2921875 0.01875 0.03671875
4 0.6921875 0.2765625 0.046875 0.04921875
4 0.6578125 0.29765625 0.01875 0.04140625
4 0.565625 0.346875 0.09375 0.11953125
11 0.484375 0.39375 0.0609375 0.0515625
13 0.4046875 0.4015625 0.015625 0.02578125
13 0.4203125 0.40625 0.015625 0.0234375
13 0.3875 0.4453125 0.0125 0.01796875
13 0.403125 0.46640625 0.0125 0.0234375
13 0.375 0.48203125 0.0078125 0.04921875
13 0.2703125 0.50234375 0.015625 0.02578125
13 0.3375 0.48203125 0.0109375 0.02890625
17 0.4171875 0.49765625 0.04375 0.03125
13 0.325 0.4765625 0.0125 0.03671875
5 0.4109375 0.5390625 0.0515625 0.0546875
11 0.35 0.53359375 0.06875 0.0546875
4 0.0328125 0.42734375 0.065625 0.0703125
4 0.02734375 0.49375 0.0546875 0.059375
5 0.025 0.54453125 0.0453125 0.04140625
5 0.0796875 0.59609375 0.075 0.0546875
5 0.075 0.5546875 0.0515625 0.03125
5 0.1 0.52578125 0.053125 0.02890625
5 0.175 0.53671875 0.0328125 0.02578125
5 0.2953125 0.6328125 0.0453125 0.05703125
5 0.2953125 0.58828125 0.040625 0.0234375
5 0.35 0.575 0.0625 0.02578125
5 0.4015625 0.6140625 0.0234375 0.04453125
5 0.3484375 0.653125 0.0578125 0.0625
17 0.428125 0.59609375 0.0296875 0.04921875
4 0.53125 0.51328125 0.1640625 0.17890625
5 0.4796875 0.61953125 0.0671875 0.03125
5 0.5640625 0.64296875 0.06875 0.07265625
5 0.4640625 0.66328125 0.0578125 0.04453125
5 0.4625 0.74140625 0.0609375 0.10390625
15 0.5375 0.81328125 0.078125 0.16640625
5 0.5734375 0.73359375 0.0625 0.109375
17 0.775 0.5546875 0.0359375 0.059375
17 0.728125 0.6015625 0.04375 0.04453125
17 0.653125 0.6015625 0.0375 0.04453125
17 0.61875 0.6484375 0.0328125 0.04453125
17 0.628125 0.71015625 0.040625 0.0671875
17 0.775 0.6453125 0.04375 0.046875
17 0.81875 0.684375 0.040625 0.04921875
10 0.696875 0.68203125 0.01875 0.02890625
13 0.6671875 0.6484375 0.0203125 0.06484375
10 0.6578125 0.77890625 0.0140625 0.04140625
17 0.696875 0.784375 0.0578125 0.046875
5 0.6796875 0.71796875 0.05 0.059375
5 0.721875 0.653125 0.053125 0.03125
5 0.7875 0.71328125 0.0359375 0.03359375
5 0.7140625 0.88046875 0.11875 0.11953125
19 0.778125 0.78984375 0.1046875 0.1484375