17 0.5625 0.84375 0.0609375 0.15625
17 0.2 0.67265625 0.05 0.1
17 0.165625 0.58359375 0.03125 0.0640625
17 0.2375 0.528125 0.0203125 0.04453125
17 0.2609375 0.5109375 0.0203125 0.028125
17 0.2828125 0.49453125 0.0171875 0.0359375
17 0.328125 0.496875 0.0203125 0.0359375
17 0.34375 0.4640625 0.0125 0.02265625
17 0.7265625 0.78515625 0.05 0.09453125
3 0.615625 0.79921875 0.0234375 0.08046875
10 0.5578125 0.70078125 0.025 0.0671875
3 0.546875 0.59453125 0.015625 0.03359375
13 0.525 0.5109375 0.015625 0.04453125
0 0.4953125 0.49453125 0.0234375 0.04453125
13 0.384375 0.45859375 0.015625 0.02265625
13 0.2578125 0.553125 0.0203125 0.053125
5 0.309375 0.48359375 0.01875 0.028125
5 0.5484375 0.5609375 0.040625 0.03359375