4 0.4921875 0.1 0.1234375 0.09453125
4 0.646875 0.14453125 0.16875 0.103125
4 0.865625 0.18359375 0.2640625 0.24453125
19 0.94375 0.50546875 0.109375 0.446875
17 0.9078125 0.4140625 0.171875 0.3359375
17 0.959375 0.2359375 0.078125 0.06953125
17 0.8953125 0.33359375 0.1671875 0.24453125
17 0.58125 0.68359375 0.5859375 0.63046875
17 0.140625 0.65859375 0.28125 0.671875
17 0.15625 0.4140625 0.30625 0.3640625
17 0.03984375 0.22890625 0.0796875 0.0640625
17 0.540625 0.36953125 0.290625 0.2140625
17 0.66875 0.328125 0.1765625 0.175
17 0.6953125 0.30859375 0.18125 0.20546875
19 0.7484375 0.24140625 0.125 0.1640625
17 0.5046875 0.2640625 0.1875 0.09140625
5 0.39375 0.278125 0.1390625 0.153125
17 0.1703125 0.2140625 0.153125 0.0609375
4 0.4453125 0.1359375 0.0734375 0.06640625
17 0.528125 0.1609375 0.0421875 0.04453125