5 0.25625 0.8109375 0.5078125 0.375
5 0.3078125 0.553125 0.30625 0.2140625
5 0.534375 0.61640625 0.253125 0.34453125
5 0.95 0.69453125 0.0984375 0.2890625
5 0.853125 0.528125 0.125 0.171875
11 0.8546875 0.428125 0.0984375 0.14453125
17 0.75625 0.575 0.0984375 0.26640625
5 0.6390625 0.5109375 0.0859375 0.153125
5 0.728125 0.45859375 0.0515625 0.103125
17 0.778125 0.41953125 0.0296875 0.071875
5 0.7140625 0.43046875 0.0546875 0.078125
5 0.7046875 0.4140625 0.05 0.075
5 0.221875 0.4640625 0.1015625 0.0859375
17 0.3125 0.43046875 0.075 0.046875
17 0.403125 0.428125 0.06875 0.06640625
4 0.4421875 0.371875 0.1625 0.1390625