17 0.1140625 0.35546875 0.228125 0.2609375
4 0.02109375 0.16796875 0.0421875 0.08046875
4 0.0984375 0.18359375 0.1265625 0.13046875
4 0.2046875 0.15546875 0.04375 0.05859375
5 0.2203125 0.228125 0.0203125 0.0609375
4 0.51875 0.20546875 0.4296875 0.20546875
17 0.3578125 0.36640625 0.2296875 0.26953125
17 0.378125 0.39453125 0.2625 0.28359375
17 0.546875 0.328125 0.15625 0.2
17 0.6546875 0.328125 0.1203125 0.203125
17 0.809375 0.45546875 0.3015625 0.3609375
17 0.71875 0.38046875 0.209375 0.2640625
17 0.8125 0.26640625 0.153125 0.09140625
17 0.9640625 0.3390625 0.06875 0.225
10 0.334375 0.7890625 0.4328125 0.4140625
20 0.378125 0.6609375 0.5015625 0.38046875
19 0.0765625 0.225 0.15 0.09140625