5 0.9609375 0.88359375 0.0765625 0.2140625
17 0.9078125 0.55546875 0.128125 0.2109375
17 0.7890625 0.846875 0.1875 0.296875
17 0.68125 0.61640625 0.1203125 0.21953125
17 0.5390625 0.6 0.109375 0.203125
19 0.6796875 0.46953125 0.1859375 0.221875
5 0.4171875 0.6609375 0.175 0.2859375
5 0.5015625 0.45546875 0.1328125 0.1359375
5 0.515625 0.38046875 0.115625 0.11953125
11 0.284375 0.40859375 0.121875 0.2109375
15 0.3671875 0.4 0.1078125 0.18359375
5 0.3984375 0.346875 0.084375 0.1
5 0.2796875 0.3 0.071875 0.078125
5 0.2015625 0.325 0.06875 0.1109375
4 0.53125 0.26640625 0.225 0.24453125
10 0.35 0.24140625 0.0296875 0.053125
3 0.9640625 0.4859375 0.0609375 0.08046875
20 0.8921875 0.43359375 0.11875 0.10859375
5 0.2203125 0.23359375 0.053125 0.09453125
4 0.2625 0.18046875 0.10625 0.15859375
10 0.340625 0.171875 0.015625 0.046875
17 0.1515625 0.253125 0.0328125 0.071875
5 0.1359375 0.2109375 0.046875 0.0640625
10 0.1046875 0.19453125 0.0140625 0.0390625
5 0.125 0.146875 0.03125 0.05
5 0.1 0.13046875 0.0203125 0.04140625
5 0.0796875 0.125 0.0234375 0.0390625
17 0.2015625 0.14453125 0.0203125 0.046875
11 0.321875 0.171875 0.0265625 0.06640625
4 0.2859375 0.1109375 0.0671875 0.06953125
4 0.178125 0.075 0.04375 0.05859375
4 0.14375 0.04453125 0.0296875 0.053125
5 0.11875 0.1 0.0203125 0.03046875
5 0.065625 0.103125 0.0125 0.0359375
5 0.175 0.875 0.1859375 0.24140625
5 0.034375 0.90859375 0.0609375 0.1640625
10 0.1375 0.6890625 0.0875 0.14453125
5 0.1015625 0.54453125 0.1140625 0.175
5 0.015625 0.61953125 0.03125 0.178125
5 0.0875 0.428125 0.090625 0.1140625
5 0.01640625 0.440625 0.0328125 0.13046875
5 0.06875 0.35 0.065625 0.08359375
5 0.0140625 0.3390625 0.028125 0.09140625
19 0.0484375 0.26640625 0.0671875 0.1
5 0.0359375 0.20859375 0.0421875 0.0640625
5 0.01875 0.153125 0.025 0.03359375
5 0.025 0.171875 0.0328125 0.021875
5 0.0171875 0.13359375 0.025 0.028125
5 0.0078125 0.0859375 0.0140625 0.01953125