17 0.0875 0.7359375 0.1703125 0.51953125
17 0.10859375 0.47890625 0.2171875 0.3640625
17 0.06796875 0.2890625 0.1359375 0.05546875
17 0.1703125 0.30546875 0.1015625 0.15
17 0.253125 0.321875 0.1140625 0.19453125
4 0.3109375 0.19140625 0.3015625 0.146875
17 0.371875 0.46640625 0.2625 0.39140625
17 0.6390625 0.66640625 0.434375 0.653125
17 0.9125 0.54453125 0.171875 0.48046875
17 0.8828125 0.346875 0.175 0.171875
17 0.9546875 0.271875 0.06875 0.10546875
17 0.896875 0.25546875 0.1 0.046875
17 0.7265625 0.29453125 0.0875 0.146875
17 0.8078125 0.28046875 0.0703125 0.13046875
17 0.534375 0.346875 0.15625 0.2
17 0.48125 0.25546875 0.115625 0.05
17 0.403125 0.25 0.0609375 0.05546875
13 0.5140625 0.221875 0.025 0.0609375
17 0.6046875 0.2140625 0.0546875 0.046875
17 0.675 0.21640625 0.05625 0.05
19 0.753125 0.21953125 0.0859375 0.053125
19 0.8859375 0.20546875 0.0640625 0.05546875
5 0.6453125 0.2859375 0.084375 0.103125