4 0.93125 0.70546875 0.13125 0.58046875
5 0.6234375 0.7109375 0.3359375 0.31640625
17 0.03671875 0.6765625 0.0734375 0.303125
17 0.0734375 0.61953125 0.1328125 0.2140625
17 0.2 0.64453125 0.1625 0.28046875
17 0.3109375 0.65859375 0.209375 0.28359375
17 0.3984375 0.58359375 0.103125 0.19453125
17 0.5203125 0.596875 0.1484375 0.1859375
17 0.60625 0.59453125 0.14375 0.1390625
17 0.246875 0.5 0.078125 0.08359375
19 0.3890625 0.503125 0.146875 0.121875
19 0.5484375 0.478125 0.0984375 0.09453125
4 0.75625 0.4640625 0.1796875 0.11640625
17 0.8875 0.503125 0.0640625 0.1109375
17 0.81875 0.61640625 0.0828125 0.2109375
17 0.84375 0.5359375 0.059375 0.096875
17 0.7203125 0.5390625 0.0765625 0.0890625
17 0.7453125 0.54140625 0.075 0.1109375
17 0.7390625 0.4890625 0.0765625 0.046875
17 0.640625 0.50546875 0.0953125 0.06640625
17 0.109375 0.5140625 0.1234375 0.0640625
17 0.471875 0.5359375 0.0796875 0.1109375
19 0.525 0.43359375 0.046875 0.0359375
19 0.6046875 0.446875 0.0578125 0.0359375
17 0.65 0.446875 0.0359375 0.0390625