4 0.2109375 0.1140625 0.153125 0.09453125
4 0.753125 0.1640625 0.3921875 0.246875
4 0.915625 0.496875 0.165625 0.9890625
4 0.484375 0.0640625 0.1859375 0.1109375
4 0.475 0.14453125 0.18125 0.11640625
5 0.5109375 0.6859375 0.690625 0.625
19 0.446875 0.19140625 0.2234375 0.08359375
19 0.3140625 0.15859375 0.0921875 0.05859375
17 0.1078125 0.3609375 0.2140625 0.31953125
17 0.2796875 0.45546875 0.3390625 0.425
17 0.5421875 0.34140625 0.175 0.196875
17 0.7453125 0.375 0.134375 0.25859375
17 0.8171875 0.328125 0.10625 0.25546875
17 0.6265625 0.3 0.0953125 0.19453125
17 0.65625 0.25859375 0.1296875 0.14140625
17 0.4390625 0.29140625 0.153125 0.203125
17 0.2859375 0.221875 0.1390625 0.096875
17 0.2390625 0.16953125 0.0625 0.0609375
17 0.5375 0.3 0.146875 0.18359375
17 0.0234375 0.18046875 0.0453125 0.053125
5 0.2015625 0.1640625 0.0421875 0.046875