17 0.45 0.70859375 0.7625 0.578125
17 0.0984375 0.571875 0.19375 0.646875
17 0.246875 0.371875 0.271875 0.3390625
17 0.334375 0.3 0.1796875 0.2390625
17 0.046875 0.23359375 0.09375 0.06953125
17 0.159375 0.21953125 0.1953125 0.0890625
17 0.296875 0.171875 0.125 0.0609375
17 0.4234375 0.171875 0.0796875 0.1359375
17 0.5609375 0.28359375 0.134375 0.28046875
17 0.9125 0.475 0.1703125 0.55
17 0.6828125 0.371875 0.2484375 0.2890625
17 0.7671875 0.30859375 0.15 0.29140625
17 0.6796875 0.175 0.0953125 0.10859375
17 0.8359375 0.16953125 0.096875 0.078125
17 0.9328125 0.19453125 0.1328125 0.06953125
17 0.9796875 0.1390625 0.0359375 0.06640625
17 0.9203125 0.1359375 0.065625 0.08359375
4 0.88125 0.11640625 0.0234375 0.046875
19 0.8015625 0.1109375 0.09375 0.075
19 0.5453125 0.16953125 0.16875 0.171875
17 0.025 0.178125 0.0484375 0.078125
13 0.103125 0.1359375 0.040625 0.103125
13 0.296875 0.128125 0.0609375 0.053125
11 0.209375 0.15 0.09375 0.0890625
17 0.7453125 0.14140625 0.05625 0.053125
5 0.9609375 0.15 0.0234375 0.053125
19 0.7109375 0.121875 0.0875 0.04453125