4 0.234375 0.1140625 0.196875 0.1859375
4 0.0734375 0.11640625 0.140625 0.21640625
19 0.0796875 0.378125 0.15625 0.21953125
5 0.221875 0.428125 0.2265625 0.2109375
17 0.609375 0.73046875 0.16875 0.39453125
17 0.2453125 0.925 0.2515625 0.13046875
5 0.35 0.725 0.3171875 0.4
17 0.4203125 0.46640625 0.15625 0.171875
17 0.5171875 0.3890625 0.103125 0.16953125
17 0.8625 0.278125 0.05 0.10546875
17 0.8 0.31953125 0.059375 0.125
3 0.7921875 0.396875 0.040625 0.0890625
4 0.95 0.2 0.096875 0.24140625
17 0.903125 0.1859375 0.025 0.05859375
5 0.415625 0.3359375 0.146875 0.1359375
5 0.321875 0.296875 0.153125 0.11953125
5 0.471875 0.25859375 0.1171875 0.1
5 0.56875 0.275 0.09375 0.1
5 0.6296875 0.3 0.0859375 0.11953125
5 0.7015625 0.34453125 0.1125 0.15
5 0.6984375 0.25546875 0.06875 0.08359375
17 0.678125 0.221875 0.05 0.08359375
15 0.6625 0.19453125 0.0671875 0.0859375
15 0.7734375 0.253125 0.08125 0.10859375
15 0.3453125 0.23359375 0.115625 0.103125
15 0.103125 0.2390625 0.1171875 0.08046875
5 0.2125 0.28046875 0.1546875 0.10546875
5 0.2671875 0.221875 0.0734375 0.05546875
5 0.2140625 0.2 0.08125 0.0640625
19 0.3375 0.171875 0.0765625 0.05859375
4 0.375 0.14453125 0.0953125 0.08359375
5 0.4 0.19453125 0.053125 0.05
5 0.440625 0.2109375 0.0765625 0.05859375
5 0.4734375 0.18359375 0.0421875 0.04140625
5 0.525 0.1859375 0.0546875 0.053125
5 0.5859375 0.221875 0.084375 0.0640625
5 0.740625 0.20859375 0.0578125 0.0609375
5 0.721875 0.178125 0.0421875 0.046875
5 0.8296875 0.225 0.04375 0.078125
5 0.878125 0.23359375 0.040625 0.06953125
5 0.809375 0.1890625 0.0421875 0.05
5 0.8703125 0.19453125 0.0390625 0.053125
9 0.7609375 0.15546875 0.0421875 0.04140625
4 0.5640625 0.125 0.1171875 0.075
4 0.690625 0.09140625 0.0828125 0.075
19 0.6140625 0.1609375 0.059375 0.0640625
5 0.8359375 0.1609375 0.0265625 0.03046875
19 0.8859375 0.14453125 0.0359375 0.0390625
19 0.8046875 0.146875 0.0296875 0.0359375
4 0.765625 0.10859375 0.0328125 0.04453125
17 0.01875 0.775 0.0375 0.1359375
5 0.0453125 0.925 0.0875 0.146875
5 0.8578125 0.14453125 0.0234375 0.04140625