4 0.95 0.2390625 0.0984375 0.2390625
4 0.1984375 0.153125 0.234375 0.19140625
4 0.36875 0.203125 0.1 0.09140625
4 0.54375 0.171875 0.1234375 0.0890625
4 0.6578125 0.14140625 0.0765625 0.0890625
4 0.6984375 0.15859375 0.059375 0.046875
4 0.0453125 0.2 0.0703125 0.125
4 0.2796875 0.828125 0.559375 0.34140625
5 0.078125 0.70546875 0.15625 0.2140625
19 0.140625 0.51640625 0.278125 0.2390625
5 0.4734375 0.6390625 0.2515625 0.271875
17 0.7421875 0.60546875 0.1125 0.29140625
10 0.8625 0.48359375 0.0390625 0.10859375
10 0.8875 0.378125 0.0296875 0.0609375
17 0.7765625 0.403125 0.065625 0.15546875
17 0.8125 0.3359375 0.05 0.10859375
17 0.7671875 0.30859375 0.04375 0.1
17 0.85625 0.3140625 0.0328125 0.09453125
17 0.45625 0.43359375 0.103125 0.146875
17 0.4796875 0.36953125 0.0859375 0.1359375
17 0.34375 0.54140625 0.1515625 0.23046875
15 0.0265625 0.46640625 0.046875 0.14453125
5 0.2015625 0.3640625 0.20625 0.10546875
5 0.3296875 0.4 0.16875 0.13359375
5 0.6265625 0.425 0.103125 0.18359375
5 0.578125 0.325 0.0953125 0.1140625
5 0.5453125 0.28046875 0.0890625 0.08359375
5 0.6625 0.28046875 0.0703125 0.075
5 0.6328125 0.253125 0.0671875 0.0640625
5 0.7421875 0.2609375 0.05625 0.071875
5 0.7046875 0.246875 0.05 0.0890625
5 0.740625 0.21640625 0.0359375 0.04140625
5 0.0265625 0.30859375 0.053125 0.05859375
5 0.071875 0.28359375 0.11875 0.08359375
5 0.1984375 0.3109375 0.1609375 0.08359375
5 0.1859375 0.253125 0.0828125 0.046875
5 0.253125 0.26953125 0.059375 0.071875
15 0.3375 0.2609375 0.1140625 0.078125
9 0.325 0.21640625 0.0765625 0.046875
17 0.6765625 0.321875 0.05 0.11640625
17 0.80625 0.271875 0.0421875 0.05859375
5 0.865625 0.271875 0.053125 0.078125
5 0.8015625 0.246875 0.040625 0.0609375
17 0.7828125 0.221875 0.0234375 0.046875
5 0.8875 0.2359375 0.028125 0.0640625
5 0.8625 0.21953125 0.01875 0.05859375
9 0.8 0.196875 0.0328125 0.04453125
4 0.7484375 0.1609375 0.03125 0.021875
4 0.0109375 0.178125 0.021875 0.26953125
19 0.43125 0.3109375 0.1453125 0.146875
5 0.6671875 0.278125 0.0703125 0.06640625
5 0.471875 0.228125 0.0421875 0.028125
5 0.515625 0.23046875 0.053125 0.04453125
19 0.6046875 0.20546875 0.0484375 0.05
5 0.825 0.2109375 0.025 0.05
5 0.8984375 0.19140625 0.01875 0.0359375