4 0.59375 0.77578125 0.0921875 0.096875
4 0.484375 0.73828125 0.034375 0.0765625
4 0.540625 0.75 0.0703125 0.09375
4 0.4546875 0.715625 0.059375 0.07421875
4 0.4046875 0.715625 0.0359375 0.059375
4 0.5453125 0.6875 0.053125 0.05078125
4 0.8203125 0.70703125 0.084375 0.06796875
4 0.95625 0.721875 0.084375 0.065625
4 0.7359375 0.7015625 0.040625 0.05078125
17 0.028125 0.875 0.04375 0.08828125
17 0.034375 0.965625 0.0640625 0.0625
17 0.1265625 0.965625 0.05 0.0625
5 0.1140625 0.86640625 0.0734375 0.07109375
11 0.2171875 0.80078125 0.0546875 0.10234375
2 0.421875 0.9234375 0.0984375 0.11328125