10 0.5875 0.7640625 0.8 0.46953125
4 0.075 0.3890625 0.1484375 0.1
17 0.2453125 0.39453125 0.021875 0.03046875
13 0.2734375 0.3890625 0.0109375 0.028125
4 0.3328125 0.35859375 0.0921875 0.1
4 0.40625 0.35859375 0.0390625 0.0609375
4 0.428125 0.346875 0.0078125 0.01953125
17 0.4609375 0.375 0.0109375 0.025
12 0.4390625 0.36953125 0.0234375 0.03359375
5 0.5328125 0.371875 0.0109375 0.01640625
4 0.546875 0.36640625 0.0125 0.03046875
17 0.5640625 0.375 0.009375 0.01640625
5 0.584375 0.371875 0.0140625 0.01640625
7 0.653125 0.375 0.0265625 0.0359375
4 0.615625 0.36640625 0.0421875 0.028125
13 0.609375 0.375 0.00625 0.01953125
13 0.6875 0.38046875 0.0125 0.03359375
13 0.6734375 0.378125 0.0109375 0.025
10 0.7703125 0.39453125 0.025 0.025
10 0.7546875 0.3859375 0.0125 0.03046875