5 0.3171875 0.95703125 0.065625 0.06953125
5 0.35 0.9140625 0.05 0.0828125
5 0.3953125 0.84296875 0.0359375 0.06640625
5 0.40625 0.80625 0.03125 0.05
13 0.46875 0.865625 0.0234375 0.07265625
13 0.5328125 0.76328125 0.015625 0.053125
13 0.490625 0.71328125 0.0125 0.03984375
13 0.53125 0.70703125 0.0125 0.03984375
13 0.5140625 0.68671875 0.0109375 0.0328125
13 0.503125 0.68359375 0.009375 0.0328125
13 0.475 0.67734375 0.009375 0.0296875
13 0.4390625 0.67734375 0.009375 0.0296875
2 0.4625 0.67734375 0.009375 0.0296875
2 0.4875 0.6609375 0.009375 0.0296875
2 0.5046875 0.65390625 0.0125 0.01640625
2 0.5421875 0.690625 0.021875 0.03984375
2 0.434375 0.65078125 0.0078125 0.0234375
2 0.4515625 0.64375 0.009375 0.01953125
18 0.475 0.63046875 0.0234375 0.03984375
4 0.5078125 0.6125 0.03125 0.03671875
4 0.4703125 0.6125 0.0296875 0.01953125
1 0.6984375 0.90390625 0.05625 0.171875
2 0.7234375 0.87734375 0.0359375 0.109375
2 0.703125 0.8 0.0359375 0.04296875
2 0.7296875 0.73046875 0.0203125 0.04609375
2 0.7171875 0.69375 0.03125 0.04296875
13 0.6296875 0.7234375 0.0140625 0.05625
11 0.6859375 0.71015625 0.028125 0.04609375
2 0.80078125 0.9484375 0.0640625 0.0828125
13 0.778125 0.90078125 0.03125 0.09921875
13 0.8625 0.9453125 0.040625 0.0890625
5 0.934375 0.93359375 0.1125 0.0859375
5 0.890625 0.86953125 0.1015625 0.05625
19 0.8640625 0.8328125 0.096875 0.09609375
14 0.746875 0.809375 0.015625 0.04296875
10 0.7625 0.753125 0.0109375 0.0265625
5 0.71875 0.7765625 0.0359375 0.059375
2 0.7546875 0.7 0.01875 0.04609375
18 0.74375 0.65703125 0.025 0.059375
10 0.759375 0.803125 0.00625 0.03671875