10 0.6234375 0.75859375 0.7078125 0.475
2 0.071875 0.371875 0.084375 0.15859375
13 0.0140625 0.3890625 0.0234375 0.128125
13 0.228125 0.3359375 0.0546875 0.10546875
13 0.3234375 0.325 0.0453125 0.10859375
2 0.35625 0.303125 0.04375 0.075
4 0.4609375 0.26640625 0.0625 0.0859375
5 0.509375 0.29140625 0.025 0.0390625
5 0.5953125 0.303125 0.0875 0.06640625
5 0.528125 0.28359375 0.01875 0.01953125
18 0.6203125 0.2609375 0.084375 0.05546875
2 0.6984375 0.303125 0.0453125 0.0640625
13 0.7328125 0.31953125 0.059375 0.0859375
4 0.75 0.26953125 0.1515625 0.0859375
4 0.940625 0.2859375 0.1171875 0.0859375