5 0.1921875 0.96875 0.08125 0.04296875
5 0.2265625 0.9171875 0.06875 0.09921875
5 0.2625 0.8625 0.0515625 0.0828125
5 0.309375 0.79296875 0.0390625 0.06328125
5 0.321875 0.76015625 0.0328125 0.05625
13 0.3328125 0.90390625 0.034375 0.10625
13 0.375 0.70390625 0.0125 0.053125
13 0.396875 0.6703125 0.0125 0.03984375
13 0.3578125 0.63046875 0.0078125 0.0296875
2 0.36875 0.640625 0.0140625 0.0296875
2 0.38125 0.63046875 0.009375 0.0296875
2 0.403125 0.615625 0.009375 0.0265625
2 0.38125 0.59609375 0.0078125 0.0234375
10 0.4328125 0.6640625 0.00625 0.01640625
13 0.3953125 0.60234375 0.00625 0.0234375
5 0.4703125 0.6375 0.0171875 0.0234375
2 0.48125 0.65390625 0.015625 0.0328125
2 0.53125 0.65703125 0.0203125 0.03984375
13 0.5546875 0.70390625 0.009375 0.05
13 0.596875 0.70703125 0.0140625 0.05625
11 0.590625 0.8296875 0.0640625 0.1890625
5 0.63125 0.73984375 0.034375 0.06328125
2 0.6421875 0.696875 0.01875 0.04296875
18 0.609375 0.615625 0.0328125 0.04296875
3 0.6265625 0.67421875 0.00625 0.0234375
13 0.7 0.9109375 0.040625 0.1328125
13 0.765625 0.92421875 0.0328125 0.115625
2 0.6953125 0.8390625 0.0421875 0.09296875
5 0.8359375 0.90390625 0.103125 0.0890625
5 0.79375 0.8390625 0.0984375 0.06328125
19 0.76875 0.803125 0.09375 0.0890625
10 0.6671875 0.76640625 0.0125 0.04296875
10 0.671875 0.7203125 0.00625 0.0234375
4 0.6640625 0.6125 0.0390625 0.0859375