11 0.453125 0.971875 0.025 0.0390625
4 0.4734375 0.90546875 0.0234375 0.08046875
4 0.453125 0.846875 0.01875 0.071875
4 0.4765625 0.80546875 0.021875 0.05859375
4 0.45625 0.7390625 0.0203125 0.05
4 0.41875 0.61953125 0.0140625 0.04140625
4 0.409375 0.48359375 0.00625 0.01640625
15 0.484375 0.846875 0.015625 0.028125
10 0.440625 0.771875 0.00625 0.01640625
10 0.4390625 0.73046875 0.0046875 0.0140625
17 0.4296875 0.79140625 0.009375 0.021875
17 0.4328125 0.721875 0.0078125 0.021875
13 0.41875 0.64453125 0.0078125 0.01953125
13 0.4296875 0.63046875 0.0046875 0.0109375
5 0.434375 0.64140625 0.0078125 0.01640625
5 0.415625 0.55 0.0078125 0.0140625
11 0.409375 0.503125 0.0078125 0.01640625
5 0.396875 0.49453125 0.00625 0.0109375