18 0.7703125 0.571875 0.153125 0.41953125
18 0.953125 0.346875 0.0828125 0.20546875
11 0.9453125 0.1390625 0.0390625 0.0890625
18 0.8890625 0.015625 0.015625 0.03046875
5 0.984375 0.15 0.0171875 0.05546875
11 0.3203125 0.7609375 0.221875 0.33359375
9 0.1734375 0.896875 0.065625 0.203125
18 0.1640625 0.7 0.0671875 0.278125
4 0.4265625 0.6 0.246875 0.346875
10 0.03125 0.4 0.0234375 0.08359375
18 0.5796875 0.4859375 0.0625 0.246875
18 0.6234375 0.41953125 0.0390625 0.21640625
18 0.653125 0.36640625 0.03125 0.2
11 0.21875 0.4359375 0.140625 0.1609375
11 0.5078125 0.25 0.0875 0.078125
11 0.7375 0.1890625 0.0265625 0.153125