5 0.246875 0.9671875 0.0671875 0.05
5 0.2625 0.90390625 0.059375 0.09609375
5 0.28125 0.859375 0.0484375 0.0796875
5 0.3140625 0.7828125 0.0359375 0.07265625
5 0.3171875 0.73984375 0.028125 0.03671875
13 0.35625 0.7 0.0125 0.05625
13 0.38125 0.68359375 0.0140625 0.053125
13 0.403125 0.64765625 0.0109375 0.03671875
13 0.4109375 0.62734375 0.009375 0.0296875
13 0.39375 0.62265625 0.0078125 0.0296875
13 0.3484375 0.615625 0.0078125 0.0265625
13 0.34375 0.59921875 0.00625 0.0234375
13 0.33125 0.6125 0.01875 0.0234375
2 0.3625 0.64765625 0.0171875 0.03984375
2 0.43125 0.6671875 0.015625 0.04609375
2 0.378125 0.62734375 0.009375 0.0328125
2 0.365625 0.615625 0.009375 0.0234375
19 0.3875 0.60234375 0.015625 0.0265625
3 0.396875 0.690625 0.00625 0.0296875
18 0.5734375 0.7796875 0.05625 0.12578125
3 0.5328125 0.6609375 0.0171875 0.01953125
13 0.6 0.65390625 0.015625 0.03984375
13 0.6125 0.7765625 0.015625 0.0796875
2 0.609375 0.70703125 0.0140625 0.053125
2 0.6140625 0.6640625 0.00625 0.0296875
2 0.6390625 0.78671875 0.0296875 0.0828125
10 0.6578125 0.76640625 0.0140625 0.03984375
10 0.659375 0.7203125 0.0140625 0.0265625
5 0.6953125 0.8296875 0.04375 0.0796875
5 0.853125 0.90390625 0.0890625 0.0890625
5 0.803125 0.84921875 0.096875 0.07265625
19 0.7734375 0.79609375 0.0828125 0.06953125
13 0.73125 0.859375 0.034375 0.0890625
13 0.796875 0.92578125 0.04375 0.12890625
19 0.8859375 0.95390625 0.084375 0.07578125