2 0.040625 0.91640625 0.0671875 0.1546875
2 0.16875 0.71796875 0.046875 0.1078125
2 0.6765625 0.859375 0.1078125 0.16328125
13 0.60859375 0.9234375 0.0765625 0.14453125
13 0.771875 0.91875 0.0859375 0.1546875
13 0.503125 0.771875 0.053125 0.11640625
13 0.0203125 0.7984375 0.028125 0.053125
13 0.01875 0.72421875 0.028125 0.11171875
3 0.4359375 0.80234375 0.0328125 0.075
10 0.953125 0.91015625 0.065625 0.09609375
5 0.840625 0.8515625 0.2046875 0.09375
5 0.7828125 0.78203125 0.1671875 0.07109375
19 0.7171875 0.728125 0.178125 0.08125
4 0.3515625 0.60625 0.09375 0.21171875
5 0.453125 0.6546875 0.0609375 0.07109375
3 0.0484375 0.65703125 0.0140625 0.034375
3 0.0234375 0.63046875 0.0125 0.040625
13 0.009375 0.52421875 0.015625 0.03671875
2 0.0375 0.52265625 0.0203125 0.034375
2 0.05 0.5078125 0.0140625 0.0328125
2 0.0578125 0.4921875 0.015625 0.0265625
2 0.265625 0.5 0.0203125 0.03046875
4 0.01328125 0.44296875 0.0265625 0.02421875
14 0.5078125 0.6953125 0.025 0.05078125
2 0.4671875 0.60625 0.04375 0.05078125
13 0.4515625 0.5734375 0.0234375 0.05078125
13 0.496875 0.5875 0.0234375 0.04453125
5 0.4375 0.53046875 0.0671875 0.02421875
0 0.2515625 0.50390625 0.0140625 0.0265625
13 0.50625 0.534375 0.0296875 0.034375
10 0.5390625 0.634375 0.0296875 0.0328125