2 0.06875 0.41953125 0.0484375 0.1640625
10 0.11875 0.3453125 0.0265625 0.121875
3 0.0390625 0.1546875 0.0125 0.06875
19 0.0296875 0.13203125 0.046875 0.07265625
13 0.096875 0.2 0.05 0.0765625
13 0.0890625 0.1546875 0.028125 0.06484375
13 0.3515625 0.32265625 0.0234375 0.121875
18 0.3375 0.2 0.0765625 0.11796875
11 0.396875 0.16640625 0.0234375 0.08046875
2 0.378125 0.41953125 0.05 0.18359375
13 0.3765625 0.12578125 0.015625 0.053125
2 0.3796875 0.265625 0.0265625 0.11484375
2 0.4046875 0.29609375 0.0328125 0.09921875
10 0.4640625 0.28828125 0.025 0.05703125
5 0.528125 0.4921875 0.0734375 0.16015625
13 0.5890625 0.54609375 0.0578125 0.1640625
19 0.653125 0.43515625 0.146875 0.16015625
5 0.7078125 0.51171875 0.1640625 0.12578125
5 0.7984375 0.63203125 0.1515625 0.171875
13 0.7046875 0.67734375 0.0734375 0.2484375
2 0.6234375 0.76875 0.1078125 0.328125
2 0.8203125 0.87578125 0.159375 0.2328125
19 0.8953125 0.81875 0.2046875 0.33984375