2 0.159375 0.959375 0.1296875 0.0640625
2 0.2921875 0.959375 0.1453125 0.0640625
2 0.3078125 0.921875 0.1390625 0.0640625
3 0.1359375 0.9328125 0.0671875 0.0359375
3 0.33125 0.87890625 0.075 0.028125
10 0.4 0.87734375 0.0671875 0.04765625
10 0.428125 0.8703125 0.05 0.04375
10 0.43125 0.8078125 0.040625 0.0390625
13 0.484375 0.884375 0.0625 0.08203125
5 0.4953125 0.81953125 0.103125 0.0640625
10 0.5890625 0.86875 0.028125 0.04921875
10 0.5296875 0.78359375 0.028125 0.02421875
3 0.5359375 0.7625 0.04375 0.02265625
2 0.6375 0.86171875 0.0703125 0.09453125
5 0.690625 0.7703125 0.065625 0.04921875
19 0.7328125 0.72109375 0.034375 0.04921875
13 0.796875 0.72109375 0.0125 0.04375
18 0.8890625 0.75546875 0.075 0.08203125
4 0.8796875 0.67265625 0.065625 0.0703125
2 0.971875 0.67734375 0.0140625 0.034375
5 0.9203125 0.65625 0.0109375 0.01953125
4 0.9640625 0.628125 0.03125 0.03125