2 0.053125 0.92734375 0.0796875 0.12890625
2 0.1421875 0.89375 0.078125 0.115625
3 0.0578125 0.84609375 0.0390625 0.03671875
3 0.1546875 0.79609375 0.03125 0.03671875
10 0.1890625 0.79609375 0.0296875 0.04296875
10 0.2 0.78984375 0.0265625 0.03984375
10 0.20625 0.7765625 0.0328125 0.05
10 0.2046875 0.73046875 0.0140625 0.0328125
10 0.2546875 0.7 0.0140625 0.0234375
5 0.2359375 0.73671875 0.05 0.059375
3 0.259375 0.68359375 0.0203125 0.0234375
13 0.3734375 0.68046875 0.015625 0.05
9 0.403125 0.65703125 0.0390625 0.05
17 0.3828125 0.62265625 0.0125 0.0296875
4 0.4265625 0.59296875 0.028125 0.059375
10 0.4578125 0.59921875 0.0046875 0.0265625
13 0.4765625 0.57265625 0.00625 0.0234375
3 0.4875 0.553125 0.003125 0.01640625
4 0.4734375 0.54609375 0.0109375 0.0265625
5 0.4703125 0.7234375 0.03125 0.059375
2 0.5359375 0.80625 0.0296875 0.11953125
13 0.59375 0.82265625 0.0265625 0.10625
13 0.5828125 0.75625 0.0234375 0.0796875
13 0.56875 0.74375 0.0140625 0.07265625
13 0.565625 0.70390625 0.015625 0.0328125
13 0.540625 0.68359375 0.0140625 0.06328125
13 0.5375 0.65078125 0.0125 0.04296875
3 0.5265625 0.7171875 0.0078125 0.03984375
1 0.7625 0.90078125 0.0890625 0.165625
10 0.734375 0.81328125 0.0328125 0.03984375
10 0.7265625 0.803125 0.0421875 0.0328125
10 0.7078125 0.78671875 0.028125 0.03984375
10 0.690625 0.7796875 0.0109375 0.03671875
10 0.66875 0.73046875 0.021875 0.01640625
5 0.6109375 0.746875 0.03125 0.07578125
5 0.5875 0.70390625 0.021875 0.0328125
5 0.634375 0.70703125 0.06875 0.05
5 0.5953125 0.68671875 0.046875 0.0234375
19 0.6109375 0.6640625 0.0671875 0.03671875
0 0.596875 0.609375 0.015625 0.03984375
11 0.571875 0.634375 0.021875 0.06640625
19 0.5734375 0.56953125 0.0109375 0.0265625
2 0.54375 0.56640625 0.0078125 0.0265625
4 0.525 0.54609375 0.0109375 0.03984375
13 0.5546875 0.54296875 0.0046875 0.01328125
11 0.534375 0.53984375 0.0046875 0.01640625
10 0.540625 0.51015625 0.0015625 0.00625
13 0.553125 0.559375 0.00625 0.01953125