7 0.1296875 0.65546875 0.1125 0.18046875
13 0.3546875 0.60859375 0.034375 0.0859375
4 0.4765625 0.55859375 0.2234375 0.4609375
4 0.6984375 0.4859375 0.040625 0.08046875
5 0.5875 0.51640625 0.015625 0.01953125
5 0.5890625 0.49453125 0.0109375 0.0140625
7 0.9859375 0.55 0.025 0.1140625
7 0.9328125 0.5359375 0.0703125 0.1
7 0.884375 0.53046875 0.040625 0.09453125
7 0.84375 0.528125 0.0390625 0.08359375
13 0.796875 0.528125 0.0265625 0.053125
13 0.78125 0.521875 0.015625 0.04453125
13 0.7578125 0.50546875 0.0171875 0.04453125