10 0.5109375 0.803125 0.71875 0.3859375
13 0.034375 0.50546875 0.040625 0.11640625
13 0.103125 0.503125 0.0828125 0.13359375
13 0.1453125 0.471875 0.0484375 0.1
13 0.2015625 0.4609375 0.0703125 0.1109375
13 0.2328125 0.44140625 0.0375 0.071875
13 0.2703125 0.43359375 0.021875 0.08046875
17 0.3109375 0.43046875 0.0578125 0.096875
13 0.3734375 0.421875 0.0765625 0.09453125
17 0.4484375 0.4140625 0.0671875 0.13046875
17 0.4109375 0.40546875 0.015625 0.0890625
11 0.4875 0.38046875 0.0234375 0.05
17 0.5359375 0.36953125 0.015625 0.0359375
13 0.50625 0.375 0.0125 0.04140625
13 0.6234375 0.3609375 0.0453125 0.0640625
11 0.765625 0.33046875 0.125 0.125
13 0.8640625 0.3390625 0.0546875 0.071875