5 0.1171875 0.73125 0.1890625 0.21171875
18 0.5703125 0.778125 0.4 0.41328125
2 0.9046875 0.7421875 0.1828125 0.21640625
17 0.93125 0.61171875 0.1328125 0.109375
13 0.7125 0.66171875 0.103125 0.22109375
13 0.4328125 0.4328125 0.065625 0.14921875
13 0.334375 0.35390625 0.065625 0.1296875
13 0.2078125 0.325 0.0390625 0.1296875
13 0.028125 0.13046875 0.025 0.06953125
19 0.584375 0.52890625 0.16875 0.22578125
10 0.7265625 0.515625 0.0359375 0.0671875
5 0.525 0.39765625 0.13125 0.09609375
5 0.446875 0.33359375 0.15625 0.0828125
5 0.278125 0.3046875 0.0796875 0.09609375
19 0.4 0.28203125 0.1421875 0.09140625
2 0.2140625 0.2734375 0.0453125 0.109375
2 0.1234375 0.14609375 0.021875 0.07578125
2 0.090625 0.12265625 0.0375 0.0734375
3 0.0890625 0.16875 0.0140625 0.03828125
3 0.0640625 0.11796875 0.015625 0.0359375
13 0.2140625 0.07578125 0.0265625 0.03984375
10 0.2171875 0.16875 0.028125 0.0359375
10 0.2125 0.20859375 0.0328125 0.02265625