4 0.1421875 0.3484375 0.240625 0.49296875
2 0.61875 0.771875 0.2203125 0.340625
2 0.8953125 0.88671875 0.1984375 0.215625
13 0.3390625 0.58125 0.090625 0.23125
13 0.4265625 0.54609375 0.0796875 0.20859375
10 0.6109375 0.52578125 0.1046875 0.09921875
2 0.3234375 0.4375 0.0984375 0.16875
5 0.5328125 0.46328125 0.18125 0.13203125
5 0.4375 0.371875 0.1765625 0.0859375
19 0.3859375 0.30234375 0.2 0.11796875
2 0.096875 0.09296875 0.0625 0.034375
2 0.1640625 0.05546875 0.0453125 0.04375
11 0.00859375 0.2765625 0.0171875 0.2265625