15 0.5015625 0.88359375 0.125 0.203125
4 0.1515625 0.70546875 0.3015625 0.31640625
4 0.4640625 0.49453125 0.140625 0.15
13 0.9015625 0.6609375 0.053125 0.13359375
13 0.90625 0.521875 0.034375 0.078125
17 0.5875 0.528125 0.034375 0.08046875
9 0.5671875 0.4 0.0265625 0.046875
10 0.603125 0.44140625 0.0125 0.04453125
7 0.7953125 0.396875 0.0296875 0.05859375
7 0.8765625 0.44453125 0.028125 0.06953125
13 0.975 0.5390625 0.0296875 0.071875
13 0.9828125 0.575 0.0328125 0.08046875
13 0.7921875 0.48046875 0.0234375 0.06640625
13 0.74375 0.428125 0.01875 0.05
4 0.35625 0.50546875 0.1625 0.153125
4 0.4421875 0.41953125 0.078125 0.05546875
4 0.4578125 0.396875 0.0765625 0.0640625