5 0.6 0.63359375 0.1625 0.20546875
4 0.4265625 0.546875 0.33125 0.35859375
17 0.178125 0.6109375 0.159375 0.23046875
4 0.6328125 0.29453125 0.128125 0.14140625
13 0.4671875 0.83359375 0.1484375 0.321875
13 0.671875 0.471875 0.08125 0.15
17 0.7703125 0.4 0.065625 0.10859375
13 0.7515625 0.5859375 0.096875 0.20859375
11 0.6921875 0.36640625 0.1 0.1109375
8 0.9125 0.296875 0.0765625 0.09453125
8 0.9703125 0.3 0.0578125 0.0890625
13 0.278125 0.8890625 0.1359375 0.21953125
13 0.5609375 0.921875 0.140625 0.15
13 0.615625 0.871875 0.1515625 0.253125
13 0.6875 0.8640625 0.153125 0.26953125
13 0.7203125 0.821875 0.14375 0.31640625
13 0.8140625 0.69453125 0.1 0.16953125
13 0.9609375 0.5859375 0.0609375 0.11640625
13 0.896875 0.63046875 0.115625 0.096875
13 0.8734375 0.671875 0.1171875 0.09453125
13 0.859375 0.43359375 0.04375 0.13046875
13 0.8359375 0.396875 0.04375 0.103125
13 0.978125 0.421875 0.0421875 0.128125
4 0.09609375 0.36796875 0.1921875 0.1359375
13 0.3203125 0.36640625 0.0390625 0.103125
13 0.534375 0.29453125 0.0296875 0.071875
13 0.3640625 0.3359375 0.0296875 0.06953125