10 0.753125 0.6640625 0.0328125 0.125
10 0.8328125 0.625 0.0203125 0.078125
10 0.8703125 0.61640625 0.0203125 0.075
17 0.915625 0.596875 0.0359375 0.0640625
13 0.665625 0.6609375 0.0375 0.1
13 0.6375 0.6640625 0.0171875 0.096875
13 0.5015625 0.696875 0.040625 0.0890625
13 0.43125 0.73046875 0.0703125 0.1609375
19 0.728125 0.63046875 0.0203125 0.053125
13 0.703125 0.653125 0.0265625 0.09140625
13 0.7625 0.61953125 0.0125 0.03046875
5 0.8875 0.5859375 0.0125 0.01953125
20 0.234375 0.8109375 0.1 0.09453125