4 0.3421875 0.26640625 0.321875 0.49140625
3 0.909375 0.725 0.178125 0.546875
13 0.559375 0.353125 0.1 0.23046875
13 0.85625 0.46640625 0.2 0.4109375
9 0.03515625 0.2515625 0.0703125 0.125
11 0.1484375 0.221875 0.05 0.11640625
13 0.64375 0.24140625 0.028125 0.075
13 0.959375 0.4140625 0.078125 0.26640625
5 0.071875 0.23046875 0.03125 0.05546875
13 0.5671875 0.23046875 0.0296875 0.05
13 0.6 0.225 0.0265625 0.04140625
13 0.60625 0.3359375 0.078125 0.19140625
13 0.796875 0.24140625 0.0375 0.053125
13 0.671875 0.221875 0.01875 0.028125
13 0.74375 0.30859375 0.0421875 0.14140625