13 0.7640625 0.5171875 0.075 0.06875
13 0.6890625 0.5125 0.0390625 0.0375
13 0.653125 0.5109375 0.0359375 0.0359375
5 0.56953125 0.5140625 0.046875 0.025
5 0.521875 0.5109375 0.04140625 0.01875
5 0.3390625 0.5109375 0.0390625 0.0203125
10 0.43359375 0.5109375 0.021875 0.025
19 0.2390625 0.515625 0.075 0.0390625
19 0.11953125 0.515625 0.078125 0.05
10 0.178125 0.515625 0.025 0.03125
17 0.015625 0.525 0.03046875 0.06875
17 0.2859375 0.5125 0.01953125 0.0296875
9 0.61640625 0.5078125 0.0390625 0.025