7 0.8546875 0.503125 0.1234375 0.178125
13 0.659375 0.4890625 0.0234375 0.046875
13 0.6765625 0.4859375 0.021875 0.046875
17 0.5984375 0.50546875 0.05625 0.06953125
4 0.5265625 0.49140625 0.05 0.1140625
5 0.45625 0.525 0.06875 0.0609375
5 0.24375 0.5390625 0.0921875 0.05546875
17 0.271875 0.51640625 0.0296875 0.03046875
13 0.075 0.59140625 0.059375 0.15
13 0.0203125 0.60546875 0.040625 0.1890625
17 0.034375 0.5390625 0.0171875 0.04140625
5 0.13125 0.55 0.034375 0.0390625
17 0.134375 0.525 0.028125 0.028125
10 0.1609375 0.5359375 0.0171875 0.025
13 0.9921875 0.471875 0.0140625 0.046875
17 0.6390625 0.5 0.015625 0.05859375