4 0.4078125 0.45546875 0.4 0.446875
4 0.4265625 0.1859375 0.1921875 0.18046875
4 0.8765625 0.20546875 0.1296875 0.18046875
4 0.959375 0.053125 0.053125 0.05859375
5 0.725 0.29140625 0.1046875 0.14140625
5 0.671875 0.25546875 0.1 0.1140625
17 0.8234375 0.48046875 0.1703125 0.19453125
13 0.41875 0.775 0.2 0.36640625
13 0.0765625 0.746875 0.153125 0.31953125
13 0.1171875 0.821875 0.2046875 0.3390625
13 0.2046875 0.871875 0.196875 0.253125
9 0.571875 0.153125 0.0609375 0.10546875
13 0.790625 0.0859375 0.0171875 0.05859375
5 0.7640625 0.09140625 0.04375 0.04453125
13 0.5921875 0.56953125 0.109375 0.28359375