17 0.1734375 0.63359375 0.2046875 0.325
17 0.2578125 0.496875 0.103125 0.1859375
17 0.0890625 0.6 0.178125 0.296875
13 0.528125 0.371875 0.0234375 0.05859375
17 0.4796875 0.38046875 0.0265625 0.05859375
4 0.4203125 0.375 0.075 0.121875
4 0.5484375 0.3140625 0.040625 0.09140625
11 0.703125 0.375 0.0421875 0.0609375
4 0.678125 0.33046875 0.0375 0.1
7 0.76875 0.3140625 0.0296875 0.053125
13 0.8453125 0.4609375 0.03125 0.08046875
13 0.8875 0.43359375 0.03125 0.075
13 0.9484375 0.45546875 0.034375 0.08359375
13 0.85 0.4 0.021875 0.05859375
7 0.85 0.346875 0.028125 0.04453125
4 0.45 0.303125 0.046875 0.06953125