17 0.3890625 0.56953125 0.075 0.15
17 0.434375 0.5140625 0.0359375 0.05546875
5 0.496875 0.521875 0.0890625 0.05859375
17 0.5625 0.5 0.0375 0.053125
3 0.596875 0.51640625 0.03125 0.03046875
17 0.309375 0.53046875 0.0515625 0.0609375
10 0.25 0.553125 0.04375 0.04453125
13 0.175 0.553125 0.040625 0.08359375
13 0.1015625 0.546875 0.0296875 0.05859375
17 0.015625 0.553125 0.03125 0.046875
10 0.04375 0.5609375 0.028125 0.025
5 0.6484375 0.50546875 0.0671875 0.0609375
13 0.7046875 0.48046875 0.0265625 0.04140625
13 0.721875 0.48046875 0.0203125 0.04453125
17 0.8921875 0.68359375 0.2046875 0.5859375
4 0.265625 0.503125 0.03125 0.08359375