9 0.3109375 0.5890625 0.615625 0.74140625
5 0.6421875 0.353125 0.428125 0.28046875
5 0.934375 0.4390625 0.128125 0.346875
5 0.321875 0.25546875 0.2625 0.15
15 0.1328125 0.18359375 0.13125 0.10546875
5 0.3765625 0.175 0.0703125 0.08046875
17 0.5953125 0.178125 0.14375 0.05859375
9 0.7828125 0.128125 0.1375 0.1140625
5 0.4875 0.1609375 0.090625 0.09453125
5 0.7109375 0.19453125 0.146875 0.1140625
5 0.6328125 0.128125 0.0859375 0.04453125
5 0.5859375 0.13359375 0.0765625 0.05
17 0.965625 0.2109375 0.0640625 0.18046875