5 0.671875 0.45859375 0.15625 0.178125
5 0.3375 0.45859375 0.240625 0.14140625
17 0.79375 0.41640625 0.0734375 0.153125
20 0.8859375 0.428125 0.0421875 0.146875
4 0.96875 0.33046875 0.0609375 0.078125
5 0.9640625 0.38046875 0.06875 0.046875
5 0.7046875 0.34140625 0.0578125 0.04453125
17 0.44375 0.34453125 0.0453125 0.08359375
9 0.3796875 0.3359375 0.096875 0.10546875
5 0.2390625 0.353125 0.1359375 0.10546875
17 0.575 0.34140625 0.0515625 0.05859375
5 0.240625 0.746875 0.459375 0.5
6 0.846875 0.4140625 0.034375 0.14140625