4 0.4859375 0.453125 0.1046875 0.24453125
4 0.7234375 0.39140625 0.0734375 0.196875
17 0.715625 0.64453125 0.071875 0.171875
4 0.8484375 0.65546875 0.209375 0.46640625
13 0.840625 0.4359375 0.0328125 0.071875
13 0.95625 0.425 0.05625 0.09453125
13 0.3453125 0.59453125 0.053125 0.14453125
4 0.2203125 0.48046875 0.14375 0.23359375
4 0.08046875 0.52890625 0.1609375 0.303125
5 0.5765625 0.30546875 0.0296875 0.05
5 0.5765625 0.25859375 0.0265625 0.03359375
13 0.771875 0.31640625 0.0203125 0.05546875
7 0.8421875 0.296875 0.0296875 0.06640625
7 0.7625 0.25 0.028125 0.05546875
13 0.75 0.275 0.0203125 0.053125
17 0.4546875 0.3359375 0.0328125 0.0609375
4 0.4109375 0.30859375 0.078125 0.11640625
4 0.4390625 0.2390625 0.0453125 0.06953125
4 0.5484375 0.225 0.028125 0.06640625
13 0.3609375 0.325 0.0265625 0.05546875