13 0.19375 0.85546875 0.209375 0.28359375
13 0.3578125 0.23359375 0.08125 0.1640625
4 0.86875 0.1859375 0.1296875 0.175
4 0.5984375 0.325 0.2765625 0.28046875
13 0.515625 0.6890625 0.140625 0.271875
13 0.36875 0.68046875 0.1609375 0.3390625
4 0.871875 0.06640625 0.0671875 0.06953125
4 0.4078125 0.16953125 0.190625 0.203125
13 0.0796875 0.3140625 0.09375 0.16640625
20 0.2546875 0.21953125 0.0765625 0.15
13 0.63125 0.5109375 0.103125 0.21953125
17 0.8828125 0.421875 0.1421875 0.09453125
13 0.7203125 0.45859375 0.078125 0.19140625
13 0.778125 0.41953125 0.034375 0.18359375
13 0.9015625 0.60859375 0.078125 0.2609375
13 0.8171875 0.71953125 0.096875 0.2
13 0.58125 0.89140625 0.1234375 0.2109375
13 0.425 0.90859375 0.203125 0.175
13 0.671875 0.71640625 0.1875 0.175
13 0.4734375 0.51953125 0.090625 0.178125
13 0.346875 0.596875 0.146875 0.29140625
13 0.128125 0.24453125 0.065625 0.14140625
13 0.8171875 0.08359375 0.021875 0.04453125
13 0.984375 0.23359375 0.028125 0.05546875
13 0.95625 0.21953125 0.0296875 0.05546875
4 0.9390625 0.13359375 0.11875 0.13046875
13 0.5375 0.51640625 0.1203125 0.11640625
13 0.7953125 0.38046875 0.0546875 0.1640625
13 0.9671875 0.478125 0.05 0.096875