17 0.0453125 0.70859375 0.090625 0.15859375
4 0.0765625 0.5359375 0.15 0.2
4 0.8046875 0.39140625 0.2234375 0.19453125
5 0.7015625 0.771875 0.1546875 0.15546875
5 0.9515625 0.66953125 0.0921875 0.1390625
9 0.4640625 0.90546875 0.1828125 0.1859375
10 0.4734375 0.5 0.0515625 0.046875
5 0.221875 0.65 0.159375 0.11640625
5 0.215625 0.753125 0.178125 0.13046875
11 0.621875 0.525 0.1171875 0.146875
15 0.584375 0.39140625 0.1171875 0.1
5 0.759375 0.5390625 0.0859375 0.1109375
13 0.371875 0.446875 0.071875 0.08046875