10 0.1625 0.525 0.103125 0.325
11 0.6078125 0.6890625 0.76875 0.603125
15 0.26875 0.3890625 0.2078125 0.21953125
5 0.128125 0.35546875 0.1078125 0.10546875
5 0.08125 0.33359375 0.0546875 0.096875
5 0.7546875 0.31953125 0.096875 0.1
5 0.8203125 0.31953125 0.0953125 0.10546875
5 0.9578125 0.3140625 0.08125 0.103125
15 0.5984375 0.296875 0.103125 0.10859375
15 0.5625 0.346875 0.2859375 0.15546875
5 0.684375 0.31953125 0.0734375 0.1
17 0.146875 0.271875 0.03125 0.03046875
5 0.0484375 0.271875 0.0359375 0.03359375
5 0.1875 0.271875 0.034375 0.03359375