19 0.390625 0.7609375 0.5078125 0.475
17 0.7171875 0.453125 0.184375 0.396875
11 0.834375 0.221875 0.103125 0.125
13 0.9125 0.4390625 0.1390625 0.35546875
13 0.54375 0.2390625 0.046875 0.08046875
13 0.4609375 0.23046875 0.0375 0.075
13 0.953125 0.26953125 0.04375 0.11953125
5 0.6296875 0.23046875 0.0796875 0.053125
5 0.7265625 0.221875 0.05625 0.05
13 0.10625 0.2359375 0.0296875 0.075
13 0.1625 0.24453125 0.0296875 0.0890625
13 0.609375 0.203125 0.01875 0.03046875
18 0.9859375 0.1859375 0.025 0.05546875
5 0.6203125 0.3109375 0.071875 0.1609375
17 0.1875 0.30546875 0.0515625 0.15