5 0.1390625 0.88046875 0.221875 0.225
5 0.46875 0.84453125 0.2265625 0.253125
17 0.3640625 0.5890625 0.115625 0.2
10 0.4140625 0.65 0.0671875 0.153125
13 0.20625 0.6859375 0.115625 0.196875
17 0.490625 0.53046875 0.1 0.171875
17 0.65 0.59453125 0.103125 0.2
17 0.5859375 0.4359375 0.1046875 0.16640625
13 0.5125 0.4109375 0.065625 0.1609375
13 0.621875 0.30546875 0.075 0.146875
17 0.78125 0.48359375 0.0984375 0.1859375
13 0.8984375 0.0890625 0.0703125 0.11640625
3 0.6953125 0.053125 0.0609375 0.075