9 0.915625 0.4109375 0.1203125 0.14140625
5 0.7828125 0.40859375 0.034375 0.046875
13 0.8078125 0.39453125 0.0140625 0.053125
13 0.8484375 0.396875 0.021875 0.06640625
10 0.7 0.41640625 0.021875 0.078125
13 0.46875 0.421875 0.025 0.04140625
13 0.484375 0.41640625 0.0203125 0.0390625
5 0.43125 0.4390625 0.03125 0.053125
5 0.2921875 0.45546875 0.0703125 0.0609375
4 0.3765625 0.41953125 0.0515625 0.1140625
13 0.1296875 0.453125 0.0234375 0.04140625
5 0.090625 0.4859375 0.1046875 0.05859375
10 0.01953125 0.5 0.0390625 0.05546875