13 0.490625 0.5859375 0.1203125 0.3859375
13 0.5921875 0.46640625 0.0484375 0.203125
4 0.80625 0.48359375 0.3859375 0.81640625
4 0.4140625 0.371875 0.1921875 0.2359375
5 0.28125 0.446875 0.115625 0.15
10 0.2265625 0.39140625 0.0265625 0.09140625
17 0.04296875 0.50859375 0.0859375 0.25
17 0.103125 0.40859375 0.05 0.11953125
9 0.125 0.3640625 0.0484375 0.06640625
4 0.0640625 0.33046875 0.0609375 0.08046875
4 0.1109375 0.3140625 0.0328125 0.04140625
4 0.146875 0.321875 0.025 0.05859375
13 0.01484375 0.36796875 0.0296875 0.05859375
13 0.03125 0.35859375 0.021875 0.04140625
3 0.059375 0.353125 0.01875 0.04453125
17 0.2078125 0.33046875 0.009375 0.021875
13 0.2890625 0.35859375 0.025 0.05
17 0.3125 0.3609375 0.01875 0.0609375
19 0.259375 0.35546875 0.028125 0.053125
17 0.2328125 0.33046875 0.0125 0.021875
17 0.584375 0.38359375 0.046875 0.08359375
5 0.196875 0.328125 0.009375 0.01953125