15 0.6875 0.728125 0.2078125 0.18359375
5 0.934375 0.7359375 0.1296875 0.14453125
5 0.740625 0.44140625 0.1515625 0.11640625
5 0.84375 0.528125 0.1671875 0.11640625
15 0.7234375 0.278125 0.140625 0.13046875
17 0.8984375 0.396875 0.090625 0.121875
5 0.4078125 0.446875 0.15625 0.11953125
9 0.309375 0.51953125 0.16875 0.146875
4 0.396875 0.28046875 0.2625 0.203125
4 0.121875 0.3140625 0.24375 0.21640625
4 0.1328125 0.678125 0.265625 0.25546875
17 0.221875 0.91953125 0.1328125 0.153125
17 0.05234375 0.8625 0.1046875 0.15859375
10 0.5984375 0.25546875 0.053125 0.078125
15 0.06796875 0.50390625 0.1359375 0.103125