17 0.3328125 0.725 0.2265625 0.33359375
10 0.7625 0.64453125 0.071875 0.271875
10 0.6984375 0.50859375 0.059375 0.23359375
11 0.4921875 0.353125 0.1359375 0.403125
17 0.7640625 0.39453125 0.0890625 0.23046875
17 0.665625 0.35546875 0.0890625 0.19453125
15 0.615625 0.11953125 0.0921875 0.15
10 0.7234375 0.11640625 0.0296875 0.1140625
17 0.8015625 0.3109375 0.075 0.19140625
4 0.90625 0.61953125 0.1859375 0.74453125
9 0.296875 0.25546875 0.09375 0.2359375
5 0.2125 0.36640625 0.1109375 0.19453125
11 0.09375 0.1109375 0.0625 0.14453125
9 0.39375 0.2890625 0.0953125 0.2359375
5 0.6625 0.2140625 0.096875 0.1390625
19 0.509375 0.08046875 0.090625 0.13359375
17 0.68125 0.11640625 0.0625 0.11953125
17 0.59375 0.028125 0.053125 0.053125
17 0.403125 0.103125 0.04375 0.09453125