13 0.9296875 0.49453125 0.065625 0.16640625
13 0.76875 0.46953125 0.03125 0.0640625
13 0.8765625 0.46953125 0.025 0.0640625
13 0.846875 0.46640625 0.0234375 0.05546875
13 0.965625 0.471875 0.0265625 0.103125
17 0.715625 0.496875 0.075 0.13046875
17 0.1171875 0.471875 0.0484375 0.05546875
17 0.1953125 0.46953125 0.0484375 0.053125
17 0.296875 0.471875 0.046875 0.05546875
17 0.3640625 0.46953125 0.034375 0.05546875
18 0.5421875 0.45859375 0.2328125 0.24140625
10 0.1578125 0.5359375 0.03125 0.0890625