5 0.40625 0.66640625 0.1203125 0.11953125
9 0.7203125 0.521875 0.0265625 0.0390625
13 0.6328125 0.55546875 0.021875 0.053125
3 0.6578125 0.56640625 0.01875 0.08359375
13 0.675 0.54453125 0.0140625 0.053125
10 0.4953125 0.628125 0.021875 0.04453125
13 0.778125 0.503125 0.009375 0.03359375
13 0.7890625 0.5 0.0109375 0.0359375
10 0.8296875 0.546875 0.03125 0.1109375
10 0.80625 0.546875 0.0125 0.0609375
17 0.8546875 0.48046875 0.0203125 0.04140625
13 0.7 0.528125 0.0125 0.0390625
13 0.7671875 0.50546875 0.0125 0.0359375