17 0.409375 0.68046875 0.109375 0.19140625
5 0.5875 0.60859375 0.1296875 0.16640625
17 0.5203125 0.51953125 0.08125 0.146875
19 0.6328125 0.4609375 0.1046875 0.153125
19 0.7484375 0.4109375 0.0796875 0.125
4 0.6671875 0.34453125 0.1046875 0.15859375
4 0.478125 0.39453125 0.215625 0.34453125
15 0.1046875 0.39140625 0.096875 0.09453125
5 0.8890625 0.4609375 0.0703125 0.121875
5 0.9703125 0.475 0.0578125 0.125
17 0.7546875 0.24140625 0.0265625 0.046875
5 0.0359375 0.4109375 0.071875 0.0890625
10 0.7375 0.4859375 0.0296875 0.096875