4 0.55625 0.36640625 0.15625 0.2609375
4 0.2109375 0.6390625 0.325 0.3890625
17 0.4875 0.5609375 0.0734375 0.14140625
17 0.3359375 0.84140625 0.134375 0.2390625
17 0.3625 0.70859375 0.115625 0.146875
17 0.59375 0.5609375 0.078125 0.13046875
5 0.8578125 0.49453125 0.06875 0.11640625
5 0.9453125 0.51953125 0.0703125 0.13359375
5 0.91875 0.90546875 0.1578125 0.178125
17 0.69375 0.371875 0.0375 0.0640625
11 0.696875 0.48046875 0.071875 0.146875
15 0.08125 0.421875 0.1015625 0.09453125
4 0.7375 0.3 0.0734375 0.1
10 0.8 0.30859375 0.0140625 0.046875