10 0.89375 0.571875 0.034375 0.10546875
10 0.8375 0.59140625 0.0328125 0.121875
10 0.8078125 0.5890625 0.0234375 0.10859375
9 0.696875 0.5890625 0.0359375 0.053125
13 0.665625 0.59453125 0.021875 0.05546875
13 0.6296875 0.603125 0.0140625 0.05546875
3 0.6171875 0.628125 0.0234375 0.103125
13 0.5796875 0.625 0.0328125 0.0890625
13 0.5546875 0.628125 0.0171875 0.075
10 0.5125 0.65859375 0.0328125 0.053125
13 0.7671875 0.571875 0.015625 0.04140625
13 0.78125 0.56953125 0.0109375 0.0390625
13 0.790625 0.56640625 0.0078125 0.0359375
17 0.8671875 0.553125 0.0171875 0.0390625
13 0.6015625 0.603125 0.0109375 0.04140625
10 0.2578125 0.73046875 0.046875 0.1109375