3 0.8953125 0.4109375 0.0265625 0.08359375
17 0.934375 0.33046875 0.0390625 0.0640625
17 0.8515625 0.34140625 0.046875 0.0609375
17 0.79375 0.346875 0.0515625 0.05859375
17 0.7484375 0.35 0.0390625 0.053125
17 0.5859375 0.36953125 0.046875 0.05546875
17 0.6765625 0.35859375 0.0453125 0.053125
5 0.5203125 0.40859375 0.0515625 0.071875
5 0.425 0.396875 0.075 0.05
17 0.3453125 0.378125 0.03125 0.0390625
17 0.3109375 0.38359375 0.025 0.03046875
13 0.290625 0.3859375 0.0171875 0.0390625
13 0.12734375 0.540625 0.2546875 0.45859375