9 0.6484375 0.38359375 0.0765625 0.10546875
17 0.7375 0.353125 0.021875 0.0609375
13 0.771875 0.375 0.046875 0.125
13 0.575 0.39140625 0.0359375 0.10859375
13 0.828125 0.346875 0.046875 0.05546875
13 0.878125 0.34140625 0.0546875 0.05859375
13 0.9375 0.3390625 0.0484375 0.0609375
13 0.978125 0.3390625 0.040625 0.06640625
9 0.478125 0.375 0.0828125 0.0609375
17 0.51875 0.3640625 0.0328125 0.04453125
17 0.4109375 0.36953125 0.021875 0.0359375
17 0.3828125 0.371875 0.0234375 0.03359375
13 0.3625 0.36953125 0.0140625 0.0390625