17 0.4140625 0.4390625 0.0359375 0.0640625
17 0.50625 0.4140625 0.053125 0.053125
17 0.5984375 0.4 0.05 0.053125
13 0.16875 0.471875 0.03125 0.05
17 0.0890625 0.471875 0.0328125 0.03046875
17 0.671875 0.3890625 0.0453125 0.05546875
13 0.8484375 0.59453125 0.2921875 0.80859375
17 0.4453125 0.425 0.028125 0.05
10 0.3671875 0.45546875 0.0421875 0.03046875
10 0.2515625 0.45859375 0.0171875 0.025
17 0.2078125 0.453125 0.0203125 0.028125
13 0.040625 0.48359375 0.0375 0.053125
13 0.1265625 0.46640625 0.01875 0.04140625