15 0.3875 0.5 0.271875 0.43046875
4 0.4703125 0.29140625 0.296875 0.38359375
4 0.2140625 0.2140625 0.1140625 0.16640625
17 0.2359375 0.3359375 0.0421875 0.175
13 0.7046875 0.346875 0.075 0.246875
13 0.9015625 0.39140625 0.11875 0.28046875
5 0.046875 0.2890625 0.0828125 0.103125
4 0.290625 0.2140625 0.053125 0.125
13 0.8015625 0.246875 0.059375 0.071875
13 0.9625 0.34453125 0.0625 0.171875
13 0.6296875 0.29140625 0.0359375 0.125
13 0.746875 0.23046875 0.025 0.05
13 0.6546875 0.225 0.021875 0.0390625
13 0.9765625 0.24140625 0.0359375 0.046875