13 0.471875 0.6140625 0.2828125 0.496875
13 0.165625 0.71640625 0.209375 0.5609375
3 0.2671875 0.521875 0.13125 0.371875
3 0.2078125 0.3890625 0.071875 0.20546875
5 0.4109375 0.4 0.2203125 0.171875
5 0.5046875 0.41640625 0.09375 0.15546875
19 0.6625 0.43359375 0.2890625 0.31640625
10 0.8296875 0.4140625 0.0328125 0.10859375
13 0.8828125 0.4390625 0.084375 0.25
13 0.9515625 0.478125 0.0796875 0.28359375
13 0.946875 0.35546875 0.059375 0.14140625
9 0.890625 0.3109375 0.0828125 0.078125
4 0.08359375 0.24140625 0.1671875 0.38359375