5 0.8671875 0.4359375 0.253125 0.18359375
17 0.7875 0.3640625 0.040625 0.05546875
17 0.7375 0.36640625 0.0484375 0.0640625
17 0.61875 0.371875 0.0484375 0.053125
11 0.5203125 0.4 0.05625 0.0859375
5 0.4484375 0.43046875 0.078125 0.09140625
15 0.3734375 0.4 0.075 0.05859375
11 0.2875 0.39453125 0.0765625 0.05546875
13 0.2296875 0.38359375 0.0171875 0.0359375
5 0.10859375 0.49609375 0.2171875 0.1640625
13 0.9578125 0.3390625 0.0296875 0.0390625
13 0.975 0.3359375 0.021875 0.04453125
3 0.6734375 0.5859375 0.09375 0.253125