17 0.3140625 0.653125 0.2375 0.55859375
5 0.5296875 0.55859375 0.2125 0.35859375
5 0.66875 0.5359375 0.30625 0.31640625
11 0.840625 0.7609375 0.3171875 0.446875
5 0.1578125 0.428125 0.1359375 0.2
13 0.5875 0.35 0.071875 0.0859375
13 0.81875 0.446875 0.1421875 0.2140625
17 0.4640625 0.35546875 0.0953125 0.10546875
17 0.365625 0.3390625 0.06875 0.10546875
13 0.428125 0.33046875 0.034375 0.075
13 0.2578125 0.303125 0.025 0.046875
13 0.2984375 0.3 0.03125 0.046875
5 0.2234375 0.35546875 0.0765625 0.09453125
17 0.3703125 0.34453125 0.0484375 0.096875
13 0.215625 0.296875 0.0203125 0.046875
13 0.28125 0.3 0.01875 0.04140625
5 0.16875 0.31953125 0.0515625 0.05546875
17 0.1765625 0.29140625 0.034375 0.03359375
11 0.4125 0.33046875 0.05 0.09140625
5 0.1265625 0.29140625 0.03125 0.028125
5 0.1140625 0.34453125 0.0625 0.08359375
4 0.1453125 0.2609375 0.028125 0.05
11 0.1109375 0.25 0.0421875 0.075
4 0.0765625 0.25546875 0.03125 0.046875