5 0.4203125 0.5640625 0.08125 0.13046875
5 0.315625 0.76953125 0.1265625 0.19453125
10 0.5765625 0.7890625 0.0546875 0.19140625
17 0.4890625 0.74140625 0.0796875 0.203125
10 0.6515625 0.70859375 0.0453125 0.178125
4 0.6421875 0.4 0.0796875 0.21640625
19 0.6296875 0.50859375 0.0703125 0.1609375
3 0.8359375 0.75 0.04375 0.171875
5 0.690625 0.8890625 0.1515625 0.2140625
17 0.4359375 0.4640625 0.05 0.103125
10 0.7265625 0.7609375 0.0421875 0.146875
4 0.5484375 0.3 0.0734375 0.1359375
5 0.4375 0.36640625 0.046875 0.0640625
5 0.659375 0.61953125 0.0921875 0.15
10 0.7203125 0.4390625 0.0265625 0.1
11 0.5296875 0.46953125 0.1 0.203125
5 0.0453125 0.675 0.090625 0.15859375
10 0.7015625 0.421875 0.0234375 0.1
13 0.69375 0.2859375 0.025 0.071875
17 0.590625 0.303125 0.0203125 0.0609375
4 0.6203125 0.16640625 0.0328125 0.0609375
4 0.5703125 0.15859375 0.0359375 0.05