4 0.35 0.45859375 0.1140625 0.23046875
4 0.621875 0.471875 0.1828125 0.23359375
5 0.875 0.7859375 0.134375 0.196875
9 0.7375 0.73359375 0.1046875 0.228125
5 0.9328125 0.70859375 0.13125 0.1609375
5 0.878125 0.56640625 0.103125 0.13046875
17 0.4 0.728125 0.0765625 0.196875
15 0.528125 0.81953125 0.1390625 0.23359375
17 0.646875 0.83359375 0.1109375 0.23046875
10 0.5140625 0.5890625 0.0375 0.125
5 0.815625 0.65546875 0.0984375 0.153125
17 0.1828125 0.878125 0.0828125 0.1890625
17 0.1484375 0.94453125 0.10625 0.10546875
5 0.759375 0.578125 0.1046875 0.0890625
5 0.95 0.896875 0.0953125 0.19453125
5 0.6 0.678125 0.11875 0.14453125
5 0.646875 0.5859375 0.1 0.10546875
5 0.4375 0.58359375 0.075 0.128125
19 0.090625 0.775 0.175 0.2109375
17 0.271875 0.65546875 0.065625 0.15546875
17 0.325 0.571875 0.053125 0.10546875