5 0.2953125 0.8859375 0.5546875 0.221875
9 0.44375 0.778125 0.171875 0.225
17 0.821875 0.771875 0.1328125 0.171875
10 0.5953125 0.7390625 0.03125 0.1
13 0.7203125 0.73359375 0.04375 0.09453125
13 0.5203125 0.746875 0.0546875 0.121875
16 0.146875 0.746875 0.0921875 0.1109375
13 0.165625 0.79140625 0.2125 0.16953125
17 0.2828125 0.73359375 0.0453125 0.0890625
9 0.3296875 0.71953125 0.059375 0.0859375
16 0.153125 0.75 0.084375 0.13359375
10 0.3046875 0.7390625 0.0453125 0.09140625
4 0.2765625 0.675 0.01875 0.021875
13 0.0671875 0.74140625 0.090625 0.14140625
5 0.10625 0.696875 0.01875 0.03046875