13 0.421875 0.74453125 0.25625 0.48046875
13 0.625 0.84140625 0.334375 0.30859375
11 0.6703125 0.49140625 0.146875 0.2640625
4 0.6046875 0.403125 0.1125 0.2140625
13 0.8375 0.5109375 0.0734375 0.2109375
13 0.775 0.46640625 0.0453125 0.1609375
13 0.95625 0.4890625 0.08125 0.15859375
11 0.0953125 0.575 0.1875 0.403125
11 0.2140625 0.5 0.1578125 0.26953125
11 0.3 0.44453125 0.0890625 0.15859375
11 0.3453125 0.4140625 0.0609375 0.10859375
13 0.4890625 0.425 0.0296875 0.0890625
13 0.5171875 0.4390625 0.028125 0.0859375
11 0.8078125 0.4140625 0.0828125 0.078125