15 0.446875 0.4609375 0.0578125 0.121875
13 0.7390625 0.44140625 0.0640625 0.10546875
13 0.8078125 0.45 0.0546875 0.10546875
13 0.8515625 0.45546875 0.0390625 0.1
13 0.8875 0.46953125 0.0234375 0.05859375
10 0.075 0.521875 0.0390625 0.103125
5 0.140625 0.43359375 0.0625 0.0890625
10 0.0515625 0.44453125 0.0265625 0.0890625
10 0.19375 0.325 0.0203125 0.05546875
10 0.1609375 0.33359375 0.0234375 0.05859375
17 0.2234375 0.31640625 0.0171875 0.0609375
17 0.2859375 0.2359375 0.015625 0.0359375
17 0.3734375 0.31953125 0.0234375 0.05546875
17 0.4171875 0.25 0.0140625 0.0390625
17 0.48125 0.3109375 0.0234375 0.053125
17 0.5375 0.278125 0.0203125 0.04140625
17 0.5515625 0.2859375 0.021875 0.021875
5 0.321875 0.4109375 0.05 0.08046875
5 0.3828125 0.41953125 0.0515625 0.0890625
5 0.5328125 0.421875 0.05625 0.0859375
15 0.5671875 0.38359375 0.0515625 0.08046875
15 0.45 0.375 0.046875 0.071875
5 0.3859375 0.35546875 0.040625 0.05859375
19 0.40625 0.30859375 0.0375 0.078125
11 0.340625 0.29140625 0.034375 0.075
5 0.3390625 0.346875 0.0421875 0.0640625
5 0.5 0.371875 0.0453125 0.06953125
5 0.5296875 0.31953125 0.021875 0.046875
5 0.5171875 0.3 0.0296875 0.046875
19 0.4515625 0.31640625 0.0359375 0.0609375
19 0.440625 0.29453125 0.0296875 0.06640625
9 0.4015625 0.26953125 0.0296875 0.053125
5 0.3671875 0.271875 0.0203125 0.0359375
19 0.478125 0.271875 0.028125 0.0609375
11 0.4828125 0.2890625 0.0265625 0.0390625
5 0.49375 0.33359375 0.0375 0.046875
17 0.51875 0.271875 0.025 0.0359375
5 0.5015625 0.26640625 0.0203125 0.0359375
0 0.503125 0.23359375 0.025 0.0390625
19 0.459375 0.23359375 0.021875 0.04140625
11 0.4359375 0.246875 0.0234375 0.0640625
9 0.5140625 0.24453125 0.0203125 0.01640625
4 0.4546875 0.18359375 0.021875 0.046875
4 0.471875 0.175 0.0203125 0.0390625
4 0.45 0.153125 0.0171875 0.0359375
19 0.475 0.19453125 0.0125 0.025
7 0.3984375 0.228125 0.01875 0.03359375
5 0.365625 0.246875 0.021875 0.01640625
9 0.36875 0.228125 0.025 0.0359375
19 0.3859375 0.19140625 0.0203125 0.025
11 0.3921875 0.171875 0.0140625 0.0140625
19 0.4078125 0.1859375 0.0125 0.01640625
9 0.4015625 0.2 0.0140625 0.021875
19 0.4078125 0.221875 0.0203125 0.0359375
5 0.43125 0.18359375 0.0109375 0.01640625
4 0.425 0.146875 0.0140625 0.01953125
15 0.475 0.228125 0.0125 0.021875
5 0.2765625 0.221875 0.028125 0.028125
14 0.334375 0.18046875 0.00625 0.01953125
13 0.325 0.178125 0.00625 0.01953125
1 0.0859375 0.303125 0.0953125 0.1140625