17 0.3703125 0.89453125 0.15625 0.2
17 0.5015625 0.596875 0.1 0.125
17 0.203125 0.33359375 0.01875 0.04453125
17 0.440625 0.36953125 0.025 0.053125
17 0.5109375 0.34140625 0.0234375 0.01953125
17 0.496875 0.3359375 0.01875 0.0359375
17 0.3734375 0.30546875 0.0125 0.03359375
17 0.478125 0.321875 0.021875 0.025
17 0.3296875 0.375 0.021875 0.053125
5 0.1375 0.69453125 0.2046875 0.1609375
11 0.653125 0.61953125 0.18125 0.14453125
15 0.66875 0.878125 0.265625 0.1890625
5 0.4171875 0.753125 0.2015625 0.15859375
13 0.4671875 0.85859375 0.10625 0.2359375
13 0.6015625 0.51953125 0.0671875 0.10859375
13 0.20625 0.60859375 0.046875 0.121875
13 0.028125 0.60546875 0.0546875 0.10859375
13 0.9484375 0.6359375 0.078125 0.1140625
13 0.95625 0.54140625 0.059375 0.05546875
11 0.2953125 0.346875 0.0359375 0.06953125
12 0.03984375 0.365625 0.0796875 0.11953125
15 0.959375 0.396875 0.0734375 0.103125
5 0.28125 0.44140625 0.046875 0.071875
5 0.3453125 0.446875 0.0453125 0.08046875
15 0.3984375 0.44453125 0.0421875 0.0890625
5 0.4890625 0.471875 0.05625 0.08046875
15 0.5265625 0.4390625 0.05 0.08046875
19 0.515625 0.39140625 0.034375 0.08046875
5 0.4578125 0.428125 0.040625 0.06953125
7 0.353125 0.28359375 0.01875 0.03046875
11 0.3921875 0.30546875 0.0234375 0.0640625
19 0.3640625 0.36640625 0.034375 0.075
9 0.25 0.275 0.0234375 0.0390625
10 0.28125 0.246875 0.00625 0.01953125
10 0.3015625 0.23046875 0.0046875 0.01640625
15 0.4359375 0.328125 0.028125 0.05546875
9 0.409375 0.36953125 0.034375 0.05859375
9 0.4 0.35 0.028125 0.0640625
5 0.2921875 0.403125 0.04375 0.05859375
5 0.453125 0.39140625 0.0375 0.05546875
5 0.4875 0.378125 0.0203125 0.04453125
5 0.475 0.35859375 0.0296875 0.046875
0 0.459375 0.2859375 0.0234375 0.0359375
9 0.459375 0.325 0.0171875 0.0390625
19 0.4171875 0.29140625 0.0203125 0.04140625
15 0.359375 0.325 0.0265625 0.05
5 0.321875 0.328125 0.0234375 0.03359375
5 0.3171875 0.30546875 0.0234375 0.01640625
9 0.321875 0.28359375 0.025 0.03359375
5 0.3203125 0.29453125 0.021875 0.0109375
19 0.3625 0.275 0.01875 0.03359375
19 0.35625 0.25859375 0.015625 0.021875
4 0.4109375 0.2359375 0.021875 0.04453125
4 0.4296875 0.225 0.015625 0.025
19 0.43125 0.25 0.0125 0.021875
8 0.3796875 0.24453125 0.0109375 0.0140625
19 0.34375 0.246875 0.0140625 0.021875
5 0.115625 0.55546875 0.084375 0.13046875
5 0.9203125 0.928125 0.15 0.13359375
10 0.5859375 0.95546875 0.0765625 0.075