13 0.028125 0.8 0.05 0.125
13 0.1203125 0.76640625 0.040625 0.10546875
13 0.7734375 0.728125 0.0203125 0.053125
13 0.740625 0.721875 0.0390625 0.0609375
13 0.828125 0.71953125 0.025 0.053125
5 0.6734375 0.8 0.134375 0.1390625
5 0.5640625 0.775 0.1078125 0.096875
5 0.659375 0.75546875 0.128125 0.08359375
5 0.4 0.753125 0.0734375 0.071875
10 0.225 0.73046875 0.0171875 0.05
5 0.0390625 0.74453125 0.0421875 0.05
4 0.0109375 0.70546875 0.021875 0.0359375
13 0.16875 0.71953125 0.009375 0.0390625
5 0.875 0.74453125 0.0609375 0.075
13 0.9640625 0.75 0.0640625 0.11640625