19 0.196875 0.90859375 0.1234375 0.1609375
5 0.3921875 0.91953125 0.234375 0.15
5 0.5390625 0.8859375 0.2234375 0.2
15 0.83125 0.9390625 0.2859375 0.103125
5 0.2265625 0.73359375 0.1828125 0.146875
13 0.134375 0.6359375 0.1140625 0.121875
13 0.2703125 0.625 0.06875 0.103125
13 0.3484375 0.65859375 0.09375 0.11953125
13 0.4765625 0.671875 0.090625 0.125
13 0.5015625 0.6390625 0.0765625 0.1140625
17 0.20625 0.428125 0.0296875 0.05859375
10 0.1484375 0.4609375 0.021875 0.0609375
10 0.1703125 0.41640625 0.0171875 0.05
5 0.328125 0.50546875 0.046875 0.078125
5 0.3875 0.50859375 0.0453125 0.08046875
15 0.4390625 0.50546875 0.0421875 0.0859375
13 0.875 0.596875 0.071875 0.10546875
5 0.528125 0.5359375 0.053125 0.08046875
5 0.5671875 0.50546875 0.053125 0.08046875
19 0.55625 0.45859375 0.0359375 0.08046875
5 0.4984375 0.49140625 0.040625 0.06953125
5 0.51875 0.425 0.0296875 0.046875
17 0.553125 0.40859375 0.0203125 0.01953125
17 0.540625 0.4 0.01875 0.03359375
17 0.4828125 0.43046875 0.021875 0.046875
19 0.478125 0.39140625 0.025 0.05859375
19 0.4609375 0.35546875 0.021875 0.0359375
5 0.49375 0.45859375 0.0359375 0.05
5 0.5296875 0.44140625 0.021875 0.04453125
5 0.3375 0.4640625 0.0390625 0.0609375
5 0.384375 0.4609375 0.040625 0.05
17 0.3765625 0.43359375 0.021875 0.046875
19 0.40625 0.428125 0.0359375 0.075
9 0.4515625 0.43046875 0.03125 0.05546875
9 0.45 0.471875 0.0390625 0.06640625
9 0.4421875 0.4109375 0.028125 0.0640625
11 0.4359375 0.36640625 0.0234375 0.05546875
17 0.4203125 0.36953125 0.0125 0.0359375
17 0.51875 0.39140625 0.021875 0.03046875
0 0.5046875 0.35859375 0.0234375 0.04140625
11 0.4859375 0.40859375 0.025 0.03359375
5 0.503125 0.3890625 0.0203125 0.03359375
19 0.409375 0.3390625 0.015625 0.03046875
7 0.4 0.346875 0.0171875 0.03046875
9 0.403125 0.38359375 0.0296875 0.046875
11 0.3421875 0.40546875 0.034375 0.0640625
5 0.36875 0.3890625 0.01875 0.03359375
5 0.3671875 0.36953125 0.021875 0.01640625
9 0.3703125 0.34453125 0.0203125 0.03359375
4 0.45625 0.30546875 0.0203125 0.0390625
4 0.475 0.29453125 0.0203125 0.028125
9 0.403125 0.321875 0.0140625 0.021875
5 0.38125 0.33046875 0.0171875 0.01953125
18 0.4328125 0.33359375 0.0203125 0.0109375
19 0.4265625 0.3140625 0.0125 0.0109375
15 0.4765625 0.346875 0.0109375 0.01953125
9 0.4765625 0.31640625 0.0140625 0.021875
13 0.078125 0.51640625 0.0421875 0.08359375
1 0.084375 0.4140625 0.0953125 0.10859375
5 0.334375 0.31640625 0.0171875 0.01640625
9 0.3359375 0.303125 0.0171875 0.0109375
11 0.396875 0.29453125 0.0109375 0.0140625
19 0.409375 0.30859375 0.0109375 0.01640625
5 0.434375 0.30546875 0.009375 0.01640625