13 0.4203125 0.65 0.4328125 0.6859375
11 0.853125 0.378125 0.284375 0.5109375
5 0.6328125 0.36953125 0.15 0.20546875
13 0.103125 0.475 0.1609375 0.34140625
10 0.253125 0.36640625 0.059375 0.23046875
4 0.153125 0.2140625 0.178125 0.29453125
4 0.05 0.19453125 0.0421875 0.1109375
3 0.0515625 0.253125 0.025 0.1
5 0.4578125 0.325 0.1703125 0.171875
4 0.6125 0.21953125 0.128125 0.13046875
5 0.54375 0.3140625 0.128125 0.171875
13 0.4015625 0.228125 0.0453125 0.05
4 0.390625 0.19140625 0.0734375 0.0640625