5 0.3171875 0.8390625 0.390625 0.30859375
4 0.1828125 0.621875 0.3390625 0.253125
16 0.7265625 0.65 0.171875 0.128125
5 0.5515625 0.6640625 0.165625 0.1140625
17 0.640625 0.63359375 0.0734375 0.09140625
4 0.5640625 0.59140625 0.1640625 0.0859375
13 0.49375 0.63046875 0.0546875 0.08046875
10 0.440625 0.64453125 0.046875 0.0859375
13 0.8796875 0.58359375 0.021875 0.05546875
5 0.971875 0.6109375 0.053125 0.075
15 0.9390625 0.58359375 0.0390625 0.05546875
17 0.75 0.58359375 0.021875 0.021875
15 0.7703125 0.58359375 0.0203125 0.028125
17 0.678125 0.60546875 0.0328125 0.04453125