5 0.315625 0.84453125 0.371875 0.30859375
17 0.8734375 0.70859375 0.109375 0.16953125
17 0.68125 0.671875 0.0484375 0.09140625
17 0.63125 0.65546875 0.0359375 0.075
16 0.4515625 0.6859375 0.078125 0.096875
9 0.49375 0.66953125 0.0671875 0.1
5 0.065625 0.75859375 0.128125 0.146875
13 0.165625 0.703125 0.1109375 0.125
5 0.334375 0.725 0.1890625 0.1359375
5 0.384375 0.69453125 0.0921875 0.0890625
9 0.28125 0.64453125 0.0234375 0.03046875
13 0.28125 0.65 0.0140625 0.03359375
13 0.359375 0.64140625 0.0234375 0.03046875
16 0.4046875 0.64140625 0.0296875 0.028125
5 0.3953125 0.65 0.04375 0.01953125
15 0.4515625 0.6390625 0.03125 0.025
13 0.7953125 0.68359375 0.0453125 0.1
13 0.9421875 0.75 0.103125 0.29453125