5 0.64375 0.8859375 0.1390625 0.221875
5 0.6515625 0.51640625 0.0921875 0.11640625
5 0.8953125 0.60546875 0.1890625 0.11953125
5 0.059375 0.6640625 0.11875 0.1390625
11 0.15 0.5 0.09375 0.1109375
5 0.2 0.41953125 0.053125 0.053125
10 0.2171875 0.446875 0.021875 0.06953125
15 0.1078125 0.471875 0.065625 0.0859375
5 0.103125 0.45 0.0640625 0.06953125
5 0.03046875 0.6015625 0.0609375 0.08046875
1 0.0859375 0.3859375 0.0953125 0.1109375
5 0.02421875 0.51796875 0.0484375 0.0859375
10 0.1109375 0.86640625 0.0796875 0.19140625
15 0.215625 0.875 0.14375 0.24453125
10 0.040625 0.946875 0.071875 0.1
17 0.315625 0.68046875 0.0640625 0.171875
19 0.3859375 0.828125 0.1234375 0.33046875
17 0.5078125 0.81640625 0.084375 0.23359375
17 0.565625 0.703125 0.071875 0.178125
17 0.4828125 0.68046875 0.059375 0.146875
17 0.440625 0.63359375 0.05 0.15546875
17 0.3765625 0.6 0.05 0.1390625
17 0.475 0.55546875 0.0390625 0.103125
5 0.5875 0.446875 0.046875 0.0890625
4 0.525 0.446875 0.0890625 0.2
9 0.453125 0.478125 0.046875 0.11953125
19 0.3203125 0.503125 0.0625 0.14140625
9 0.3984375 0.51640625 0.0546875 0.128125
19 0.384375 0.46640625 0.053125 0.13046875
5 0.3875 0.40546875 0.0359375 0.06640625
19 0.4359375 0.421875 0.040625 0.09140625
5 0.45625 0.35546875 0.0296875 0.05
5 0.421875 0.36953125 0.03125 0.046875
5 0.41875 0.34140625 0.025 0.03359375
15 0.3859375 0.35546875 0.034375 0.05546875
11 0.3484375 0.3609375 0.028125 0.08046875
5 0.33125 0.425 0.0453125 0.046875
5 0.3875 0.31953125 0.0234375 0.0359375
5 0.3796875 0.2890625 0.01875 0.025
19 0.4015625 0.29453125 0.0171875 0.0359375
9 0.440625 0.3 0.025 0.0390625
9 0.4546875 0.33046875 0.0265625 0.046875
9 0.45625 0.29140625 0.0203125 0.03046875
19 0.4703125 0.275 0.0171875 0.03046875
5 0.4875 0.30546875 0.015625 0.03359375
4 0.503125 0.33359375 0.04375 0.04453125
4 0.509375 0.31953125 0.0453125 0.0640625
4 0.4484375 0.25 0.0203125 0.06640625
4 0.4703125 0.25 0.01875 0.0390625
9 0.4265625 0.2859375 0.01875 0.03359375
19 0.4046875 0.271875 0.015625 0.01953125
5 0.4203125 0.26640625 0.0109375 0.021875
9 0.440625 0.3 0.025 0.0359375
9 0.3859375 0.271875 0.0171875 0.025
17 0.2015625 0.3609375 0.0296875 0.053125
5 0.2578125 0.375 0.0359375 0.04453125
17 0.26875 0.328125 0.021875 0.0359375
13 0.7484375 0.5140625 0.0609375 0.1140625
13 0.825 0.51953125 0.0765625 0.10859375
13 0.8671875 0.5140625 0.025 0.078125
15 0.0171875 0.44140625 0.0328125 0.0609375
10 0.209375 0.3109375 0.015625 0.0359375
17 0.2546875 0.321875 0.0171875 0.04140625
17 0.284375 0.3109375 0.0171875 0.03359375
9 0.2953125 0.328125 0.0265625 0.0390625
15 0.3015625 0.29453125 0.021875 0.03046875
5 0.3203125 0.2859375 0.0171875 0.021875
17 0.3328125 0.2640625 0.009375 0.021875
9 0.3625 0.25546875 0.0109375 0.01640625
5 0.3484375 0.25859375 0.0125 0.01953125
5 0.3625 0.3390625 0.01875 0.0390625
19 0.39375 0.253125 0.0125 0.0109375
9 0.4328125 0.25859375 0.0109375 0.01640625
10 0.140625 0.40546875 0.021875 0.05859375