5 0.1390625 0.821875 0.2765625 0.33359375
8 0.759375 0.71953125 0.1953125 0.271875
10 0.2703125 0.7 0.0390625 0.153125
5 0.109375 0.671875 0.1453125 0.0859375
13 0.4734375 0.6890625 0.084375 0.11640625
13 0.315625 0.65 0.021875 0.046875
9 0.4171875 0.6390625 0.01875 0.03046875
4 0.4453125 0.63359375 0.0375 0.0609375
13 0.3921875 0.646875 0.015625 0.046875
5 0.5875 0.69453125 0.0546875 0.08359375
16 0.6296875 0.6859375 0.040625 0.071875
13 0.50625 0.65546875 0.01875 0.0609375
13 0.5390625 0.675 0.03125 0.08046875
5 0.546875 0.66640625 0.0265625 0.053125
9 0.584375 0.65859375 0.0359375 0.0390625
5 0.9515625 0.775 0.0921875 0.1359375
17 0.8625 0.71640625 0.0453125 0.0890625