11 0.5703125 0.503125 0.0515625 0.13046875
5 0.5078125 0.478125 0.0359375 0.053125
5 0.396875 0.4640625 0.0390625 0.04140625
17 0.3046875 0.56953125 0.04375 0.0859375
17 0.3328125 0.528125 0.0359375 0.071875
17 0.2453125 0.6390625 0.0703125 0.06640625
17 0.8875 0.61640625 0.053125 0.09140625
17 0.85625 0.546875 0.0515625 0.05859375
17 0.871875 0.58046875 0.0578125 0.071875
17 0.8296875 0.521875 0.0359375 0.046875
17 0.8328125 0.4859375 0.034375 0.0390625
17 0.8140625 0.4609375 0.0265625 0.0390625
17 0.8 0.55546875 0.0484375 0.053125
17 0.7796875 0.4390625 0.0234375 0.021875
10 0.7046875 0.60859375 0.028125 0.096875
10 0.7375 0.59140625 0.0203125 0.0640625
10 0.7546875 0.58046875 0.01875 0.053125
10 0.7703125 0.596875 0.03125 0.053125
10 0.9703125 0.553125 0.0359375 0.05546875
10 0.496875 0.353125 0.00625 0.01953125
17 0.5015625 0.34140625 0.0078125 0.01640625
17 0.5171875 0.34140625 0.0078125 0.01953125
5 0.5296875 0.346875 0.0109375 0.01640625
5 0.55 0.34140625 0.0109375 0.025
5 0.4125 0.65859375 0.0703125 0.05859375
5 0.9265625 0.95859375 0.134375 0.078125
5 0.815625 0.61640625 0.0859375 0.0859375
5 0.7625 0.6640625 0.0828125 0.096875
5 0.9625 0.61640625 0.0703125 0.075
5 0.9609375 0.69140625 0.075 0.06953125
19 0.8171875 0.69140625 0.0953125 0.05
5 0.703125 0.575 0.0625 0.0890625
5 0.9078125 0.55 0.078125 0.08046875
5 0.7921875 0.521875 0.0546875 0.03046875
9 0.746875 0.53046875 0.059375 0.078125
5 0.6796875 0.521875 0.0515625 0.0640625
4 0.684375 0.3609375 0.0359375 0.03359375
4 0.6609375 0.35546875 0.009375 0.025
4 0.634375 0.33046875 0.025 0.021875
15 0.7140625 0.5 0.0421875 0.05
5 0.7546875 0.4890625 0.0421875 0.03359375
15 0.73125 0.45859375 0.04375 0.0359375
17 0.675 0.44140625 0.0203125 0.03359375
17 0.7421875 0.4359375 0.0234375 0.01953125
15 0.709375 0.4359375 0.03125 0.0359375
5 0.6609375 0.4890625 0.040625 0.0609375
5 0.64375 0.4640625 0.03125 0.05
19 0.634375 0.43359375 0.0359375 0.0609375
11 0.671875 0.38046875 0.028125 0.03359375
9 0.6125 0.396875 0.0203125 0.0359375
11 0.61875 0.34140625 0.015625 0.021875
15 0.5953125 0.371875 0.0109375 0.028125
15 0.7140625 0.41953125 0.025 0.028125
15 0.678125 0.4109375 0.0234375 0.021875
5 0.659375 0.4390625 0.0125 0.0390625
19 0.625 0.36953125 0.01875 0.01640625
5 0.5890625 0.35859375 0.0125 0.01953125
11 0.5859375 0.33359375 0.015625 0.01953125
4 0.6 0.3109375 0.0109375 0.01953125
17 0.540625 0.325 0.0078125 0.01640625
17 0.528125 0.3140625 0.0078125 0.0140625
5 0.54375 0.30546875 0.00625 0.00859375
5 0.5578125 0.321875 0.009375 0.0140625