13 0.509375 0.7890625 0.4640625 0.40859375
13 0.853125 0.625 0.290625 0.7109375
13 0.203125 0.59140625 0.259375 0.69453125
11 0.29375 0.275 0.2046875 0.3359375
17 0.61875 0.23046875 0.1109375 0.18359375
5 0.7140625 0.2359375 0.1125 0.14453125
4 0.1171875 0.19453125 0.2109375 0.3
4 0.02890625 0.409375 0.0578125 0.71953125
11 0.6265625 0.14453125 0.1125 0.0859375
13 0.5 0.38359375 0.1796875 0.453125
19 0.9109375 0.20546875 0.1734375 0.1609375
13 0.8171875 0.20859375 0.103125 0.121875
4 0.3203125 0.121875 0.08125 0.06953125