10 0.0984375 0.74453125 0.034375 0.1140625
10 0.1703125 0.771875 0.0328125 0.128125
10 0.1984375 0.7390625 0.028125 0.1109375
10 0.25 0.48359375 0.0171875 0.04453125
5 0.0671875 0.64453125 0.08125 0.08359375
10 0.6015625 0.85859375 0.0453125 0.178125
10 0.6484375 0.821875 0.046875 0.121875
10 0.6984375 0.83046875 0.05 0.0890625
10 0.715625 0.55 0.0203125 0.0359375
10 0.9625 0.73046875 0.0265625 0.075
10 0.821875 0.625 0.0171875 0.0390625
17 0.2765625 0.58359375 0.034375 0.0890625
17 0.290625 0.48359375 0.0203125 0.046875
17 0.746875 0.75859375 0.08125 0.09140625
17 0.878125 0.8640625 0.096875 0.18359375
17 0.85 0.79140625 0.08125 0.125
17 0.7828125 0.7 0.0578125 0.103125
17 0.8265625 0.74140625 0.071875 0.1109375
17 0.7859375 0.63046875 0.05 0.053125
17 0.8609375 0.64140625 0.059375 0.06640625
17 0.75 0.60546875 0.0453125 0.05546875
17 0.65 0.5609375 0.040625 0.0390625
17 0.8984375 0.66953125 0.0609375 0.05859375
15 0.71875 0.63359375 0.075 0.0859375
5 0.671875 0.653125 0.075 0.0640625
5 0.6046875 0.671875 0.0640625 0.09140625
5 0.5578125 0.7109375 0.08125 0.11953125
5 0.9046875 0.746875 0.1234375 0.15
5 0.9734375 0.84453125 0.0484375 0.14140625
5 0.6859375 0.93359375 0.13125 0.13046875
5 0.76875 0.8640625 0.1328125 0.15859375
5 0.846875 0.953125 0.1578125 0.0859375
5 0.9734375 0.95 0.0484375 0.0890625
9 0.6328125 0.6 0.0671875 0.0640625
5 0.6765625 0.596875 0.0484375 0.053125
5 0.7265625 0.58046875 0.053125 0.03359375
9 0.68125 0.55859375 0.05 0.04453125
17 0.6375 0.546875 0.0328125 0.04140625
9 0.6046875 0.5359375 0.040625 0.046875
15 0.596875 0.571875 0.053125 0.078125
9 0.659375 0.721875 0.096875 0.13046875
5 0.7296875 0.7109375 0.0921875 0.09453125
5 0.525 0.65546875 0.0609375 0.10546875
19 0.48125 0.5609375 0.05 0.1
5 0.3484375 0.603125 0.0515625 0.0859375
5 0.3515625 0.521875 0.0453125 0.053125
5 0.346875 0.45859375 0.028125 0.04140625
5 0.3109375 0.4140625 0.01875 0.03046875
11 0.3515625 0.38046875 0.015625 0.04140625
5 0.33125 0.38359375 0.0109375 0.01953125
5 0.325 0.375 0.0109375 0.01953125
17 0.30625 0.36640625 0.0109375 0.01953125
5 0.5953125 0.8 0.1 0.15859375
4 0.615625 0.475 0.0921875 0.09140625
18 0.5421875 0.475 0.05 0.071875
9 0.45 0.50859375 0.0265625 0.071875
9 0.4671875 0.46640625 0.0296875 0.046875
4 0.48125 0.40859375 0.04375 0.053125
17 0.503125 0.475 0.0203125 0.03359375
11 0.4546875 0.4140625 0.025 0.0359375
9 0.41875 0.46640625 0.0203125 0.05546875
11 0.403125 0.41640625 0.0171875 0.04453125
9 0.4234375 0.40546875 0.0171875 0.025
11 0.4234375 0.396875 0.01875 0.04140625
5 0.5484375 0.521875 0.034375 0.0390625
5 0.51875 0.56953125 0.0265625 0.06640625
17 0.54375 0.58046875 0.0375 0.06640625
5 0.4953125 0.6140625 0.0515625 0.08046875
4 0.1890625 0.603125 0.096875 0.20546875