5 0.7390625 0.85 0.153125 0.29140625
5 0.69375 0.61953125 0.0984375 0.15
5 0.33125 0.8609375 0.1375 0.26953125
5 0.4171875 0.475 0.053125 0.1
5 0.615625 0.4640625 0.05625 0.0890625
9 0.7046875 0.503125 0.0828125 0.11640625
5 0.578125 0.571875 0.0765625 0.13046875
5 0.503125 0.58359375 0.0640625 0.13359375
5 0.4859375 0.49453125 0.053125 0.096875
5 0.3046875 0.446875 0.0578125 0.06640625
19 0.4921875 0.421875 0.0453125 0.096875
5 0.6125 0.35859375 0.0390625 0.05
5 0.653125 0.4 0.0515625 0.0640625
5 0.6109375 0.321875 0.03125 0.03359375
5 0.2859375 0.4 0.0609375 0.06640625
5 0.3421875 0.39140625 0.0453125 0.053125
5 0.359375 0.3609375 0.0296875 0.0390625
5 0.3875 0.30546875 0.025 0.021875
5 0.4546875 0.31640625 0.0234375 0.0390625
5 0.0890625 0.596875 0.128125 0.125
5 0.0328125 0.5890625 0.0640625 0.10859375
5 0.31875 0.36640625 0.0296875 0.04140625
5 0.35625 0.328125 0.025 0.03359375
15 0.2875 0.4 0.0546875 0.0609375
5 0.0453125 0.78046875 0.090625 0.18046875
19 0.178125 0.6359375 0.140625 0.196875
9 0.421875 0.59140625 0.0734375 0.1859375
17 0.5453125 0.853125 0.090625 0.2359375
17 0.56875 0.678125 0.0578125 0.178125
17 0.5515625 0.45859375 0.0359375 0.08046875
17 0.5640625 0.41640625 0.028125 0.0640625
17 0.534375 0.40546875 0.0265625 0.06953125
17 0.515625 0.3859375 0.0203125 0.05546875
17 0.44375 0.4390625 0.028125 0.075
17 0.45625 0.4 0.025 0.0640625
17 0.5296875 0.3609375 0.021875 0.03359375
5 0.4875 0.3 0.01875 0.03359375
5 0.5140625 0.28359375 0.0171875 0.01953125
5 0.528125 0.278125 0.0171875 0.028125
9 0.5234375 0.24453125 0.015625 0.025
4 0.56875 0.3109375 0.04375 0.0890625
4 0.565625 0.25859375 0.0375 0.025
4 0.5640625 0.23046875 0.01875 0.028125
4 0.54375 0.225 0.0171875 0.046875
15 0.49375 0.275 0.01875 0.025
9 0.478125 0.328125 0.0234375 0.053125
19 0.44375 0.3609375 0.0328125 0.06640625
17 0.5640625 0.378125 0.0234375 0.025
10 0.603125 0.403125 0.0171875 0.05
4 0.5171875 0.2140625 0.0125 0.01953125
9 0.5015625 0.25859375 0.0125 0.021875
11 0.4671875 0.278125 0.01875 0.0390625
9 0.4890625 0.24140625 0.0109375 0.01640625
5 0.48125 0.26953125 0.009375 0.021875
19 0.49375 0.23046875 0.009375 0.0140625
19 0.503125 0.24140625 0.0109375 0.0140625
17 0.2359375 0.471875 0.0484375 0.08359375
17 0.2015625 0.446875 0.04375 0.075
17 0.265625 0.3859375 0.0296875 0.05859375
10 0.3 0.35546875 0.0171875 0.03359375
1 0.2 0.36640625 0.0859375 0.103125
10 0.31875 0.33359375 0.0125 0.03046875
10 0.3 0.353125 0.0125 0.04140625
10 0.2828125 0.353125 0.0140625 0.04140625
17 0.359375 0.303125 0.015625 0.025
17 0.390625 0.2859375 0.0140625 0.01953125
17 0.415625 0.278125 0.0109375 0.021875
5 0.3875 0.28046875 0.01875 0.021875
5 0.4078125 0.271875 0.0140625 0.025
5 0.434375 0.25859375 0.0140625 0.01640625
5 0.4203125 0.25546875 0.0140625 0.025
5 0.434375 0.24453125 0.0109375 0.0109375
4 0.4484375 0.23359375 0.015625 0.028125
4 0.496875 0.2109375 0.0125 0.01640625
13 0.8515625 0.503125 0.071875 0.11953125
13 0.9375 0.51640625 0.08125 0.1109375
10 0.2109375 0.853125 0.0890625 0.23359375
17 0.175 0.4859375 0.0546875 0.0890625
15 0.1296875 0.425 0.05 0.0640625
10 0.1359375 0.89140625 0.109375 0.171875