11 0.4578125 0.91953125 0.1546875 0.15
5 0.7015625 0.74140625 0.10625 0.18046875
5 0.753125 0.59453125 0.0953125 0.11640625
5 0.5828125 0.64140625 0.059375 0.11640625
5 0.4125 0.5640625 0.05 0.0859375
5 0.4328125 0.49453125 0.04375 0.0640625
5 0.5734375 0.45 0.03125 0.05859375
5 0.55625 0.40859375 0.0234375 0.04140625
5 0.603125 0.43359375 0.0265625 0.04453125
5 0.5609375 0.38046875 0.021875 0.03046875
5 0.4828125 0.3859375 0.021875 0.0359375
5 0.4203125 0.821875 0.1078125 0.20546875
5 0.2109375 0.68046875 0.10625 0.11640625
5 0.315625 0.50859375 0.0546875 0.06953125
5 0.1921875 0.53046875 0.0734375 0.0640625
5 0.328125 0.4359375 0.0390625 0.0359375
5 0.0671875 0.625 0.1125 0.10859375
5 0.0671875 0.89453125 0.1265625 0.19140625
5 0.56875 0.35859375 0.01875 0.01953125
5 0.55625 0.35546875 0.0140625 0.01953125
5 0.5203125 0.325 0.0125 0.01640625
5 0.45625 0.3109375 0.009375 0.00859375
15 0.4453125 0.425 0.028125 0.046875
5 0.51875 0.396875 0.021875 0.03359375
17 0.6390625 0.91640625 0.090625 0.15859375
17 0.55625 0.81640625 0.065625 0.20546875
17 0.5484375 0.56953125 0.0375 0.096875
17 0.54375 0.45859375 0.0234375 0.05859375
17 0.4546875 0.4 0.015625 0.028125
17 0.490625 0.4140625 0.0171875 0.04453125
17 0.5140625 0.40859375 0.0171875 0.03359375
17 0.5359375 0.421875 0.01875 0.04453125
17 0.54375 0.36640625 0.0125 0.028125
17 0.528125 0.3609375 0.0109375 0.03046875
17 0.5125 0.36640625 0.0125 0.028125
17 0.509375 0.3609375 0.0125 0.025
17 0.109375 0.65546875 0.06875 0.11953125
17 0.2109375 0.5609375 0.0453125 0.0859375
17 0.25625 0.58046875 0.0484375 0.09453125
17 0.25625 0.5109375 0.040625 0.05546875
17 0.315625 0.40859375 0.01875 0.0359375
5 0.28125 0.478125 0.046875 0.053125
5 0.3453125 0.46640625 0.0390625 0.05
4 0.3671875 0.36953125 0.04375 0.0640625
17 0.39375 0.3609375 0.0109375 0.021875
17 0.4671875 0.3609375 0.0140625 0.028125
4 0.540625 0.29453125 0.0171875 0.028125
4 0.54375 0.33359375 0.01875 0.04140625
4 0.5609375 0.3140625 0.0203125 0.04453125
4 0.515625 0.29453125 0.0125 0.01953125
11 0.49375 0.29140625 0.0109375 0.021875
11 0.484375 0.325 0.0109375 0.028125
19 0.475 0.34453125 0.015625 0.025
19 0.4875 0.3640625 0.01875 0.03046875
19 0.49375 0.34453125 0.0140625 0.028125
19 0.5140625 0.3359375 0.0140625 0.025
5 0.428125 0.34140625 0.0140625 0.021875
19 0.5015625 0.5859375 0.05625 0.1390625
19 0.60625 0.54453125 0.0625 0.121875
0 0.6578125 0.4890625 0.05625 0.096875
13 0.8515625 0.5859375 0.06875 0.1140625
13 0.921875 0.603125 0.0671875 0.11953125
15 0.59375 0.3859375 0.025 0.0390625
5 0.5859375 0.36953125 0.0171875 0.025
9 0.5640625 0.33359375 0.0140625 0.021875
11 0.503125 0.3109375 0.0125 0.0109375
19 0.3859375 0.64453125 0.078125 0.16640625
19 0.459375 0.45 0.03125 0.071875
9 0.290625 0.43359375 0.04375 0.05
5 0.015625 0.73046875 0.0296875 0.071875
17 0.59375 0.4640625 0.0265625 0.04140625
10 0.6171875 0.453125 0.015625 0.05546875
10 0.4875 0.675 0.0390625 0.1109375
3 0.309375 0.65 0.0125 0.053125
1 0.196875 0.44453125 0.0890625 0.10546875
15 0.3921875 0.3859375 0.021875 0.021875
15 0.125 0.5 0.0515625 0.05546875
10 0.365625 0.4109375 0.0125 0.0359375
10 0.74375 0.93046875 0.05625 0.125