10 0.1484375 0.71640625 0.059375 0.2
19 0.2828125 0.69453125 0.075 0.146875
17 0.225 0.68359375 0.0453125 0.09140625
17 0.184375 0.678125 0.040625 0.0890625
19 0.340625 0.678125 0.025 0.05546875
4 0.4375 0.66640625 0.0578125 0.1359375
5 0.5125 0.703125 0.0359375 0.046875
10 0.5703125 0.70859375 0.015625 0.05859375
10 0.4796875 0.703125 0.0125 0.04453125
18 0.778125 0.653125 0.1453125 0.128125
4 0.871875 0.671875 0.0859375 0.096875
5 0.6546875 0.70546875 0.0484375 0.028125
5 0.4921875 0.7 0.0140625 0.03046875