13 0.4015625 0.6890625 0.2734375 0.61640625
13 0.7953125 0.721875 0.325 0.546875
5 0.2421875 0.3859375 0.2 0.1890625
5 0.9234375 0.4890625 0.15 0.325
17 0.80625 0.3109375 0.0609375 0.153125
5 0.3453125 0.29453125 0.084375 0.053125
9 0.19375 0.2640625 0.134375 0.078125
9 0.271875 0.24453125 0.1515625 0.0609375
19 0.334375 0.2390625 0.11875 0.06640625
4 0.5609375 0.175 0.0984375 0.0859375
13 0.7 0.30546875 0.0625 0.153125
10 0.8734375 0.3359375 0.0515625 0.14453125
9 0.946875 0.275 0.0953125 0.09453125
14 0.7734375 0.321875 0.05 0.15859375