17 0.3578125 0.925 0.075 0.14140625
17 0.803125 0.878125 0.090625 0.16953125
17 0.7453125 0.69453125 0.05625 0.10546875
17 0.7265625 0.65 0.046875 0.08046875
17 0.7125 0.61640625 0.04375 0.06640625
17 0.684375 0.59453125 0.0359375 0.0609375
17 0.6859375 0.55 0.0328125 0.025
17 0.75625 0.571875 0.0359375 0.03046875
17 0.3765625 0.653125 0.0359375 0.08359375
17 0.1765625 0.675 0.05 0.071875
17 0.18125 0.628125 0.0421875 0.028125
5 0.253125 0.575 0.04375 0.04453125
4 0.184375 0.8359375 0.18125 0.31640625
5 0.4703125 0.7359375 0.0640625 0.1109375
5 0.390625 0.5140625 0.0234375 0.03359375
5 0.403125 0.43359375 0.0109375 0.01953125
5 0.4046875 0.40859375 0.00625 0.0109375
5 0.421875 0.4140625 0.0078125 0.00859375
15 0.9421875 0.88359375 0.1109375 0.196875
5 0.890625 0.7359375 0.1078125 0.1140625
5 0.84375 0.79140625 0.1125 0.153125
5 0.8203125 0.675 0.06875 0.0859375
5 0.6765625 0.696875 0.0828125 0.096875
5 0.6328125 0.76953125 0.08125 0.14140625
9 0.70625 0.84140625 0.140625 0.19453125
5 0.7265625 0.7859375 0.096875 0.13046875
5 0.896875 0.953125 0.15 0.08359375
9 0.9625 0.721875 0.0671875 0.10859375
15 0.8890625 0.6640625 0.096875 0.10859375
5 0.7609375 0.621875 0.071875 0.0890625
5 0.7125 0.575 0.040625 0.025
10 0.571875 0.69453125 0.03125 0.1
10 0.603125 0.6890625 0.0234375 0.09453125
10 0.6203125 0.6609375 0.0140625 0.06640625
10 0.63125 0.671875 0.01875 0.05
17 0.6625 0.628125 0.05 0.046875
9 0.609375 0.6109375 0.05625 0.078125
17 0.7296875 0.55859375 0.0359375 0.0390625
17 0.6875 0.553125 0.0359375 0.0359375
5 0.571875 0.65859375 0.0625 0.09140625
5 0.653125 0.6 0.05625 0.04453125
5 0.5484375 0.60859375 0.0484375 0.06953125
5 0.578125 0.58359375 0.040625 0.053125
5 0.5546875 0.553125 0.0375 0.04140625
5 0.5296875 0.575 0.0390625 0.0609375
5 0.64375 0.55546875 0.0453125 0.053125
5 0.59375 0.5390625 0.0390625 0.0359375
5 0.6484375 0.525 0.0328125 0.021875
17 0.603125 0.51640625 0.021875 0.021875
15 0.571875 0.51953125 0.03125 0.0390625
17 0.540625 0.528125 0.021875 0.0359375
19 0.503125 0.521875 0.034375 0.0609375
4 0.56875 0.4609375 0.0546875 0.05
5 0.61875 0.5109375 0.0265625 0.03359375
5 0.575 0.5 0.025 0.025
5 0.5421875 0.49453125 0.0234375 0.025
5 0.6203125 0.5359375 0.0265625 0.028125
5 0.55 0.5140625 0.021875 0.028125
11 0.5359375 0.46640625 0.0265625 0.0359375
17 0.6640625 0.5390625 0.0265625 0.03359375
17 0.596875 0.50859375 0.01875 0.025
10 0.478125 0.88046875 0.0390625 0.14453125
11 0.421875 0.4359375 0.015625 0.0390625
5 0.5109375 0.553125 0.0328125 0.046875
9 0.4796875 0.4890625 0.01875 0.04140625
19 0.4921875 0.4609375 0.01875 0.03046875
4 0.5 0.421875 0.021875 0.028125
17 0.5125 0.46640625 0.0140625 0.021875
15 0.4625 0.4640625 0.0078125 0.0359375
11 0.453125 0.425 0.0109375 0.01640625
5 0.4578125 0.45 0.0140625 0.025
11 0.484375 0.43046875 0.015625 0.021875
17 0.075 0.80859375 0.078125 0.13046875