19 0.2125 0.83359375 0.1140625 0.3
5 0.4390625 0.828125 0.1984375 0.18359375
5 0.7671875 0.725 0.18125 0.13046875
5 0.7046875 0.93359375 0.265625 0.1140625
1 0.1109375 0.428125 0.0953125 0.1109375
13 0.15625 0.678125 0.096875 0.13046875
13 0.225 0.64453125 0.084375 0.121875
13 0.265625 0.625 0.0859375 0.10859375
13 0.1359375 0.56953125 0.0421875 0.103125
13 0.8734375 0.6109375 0.0859375 0.1140625
13 0.3 0.778125 0.065625 0.14140625
17 0.0796875 0.571875 0.05625 0.1140625
5 0.0296875 0.48046875 0.0515625 0.05
15 0.5859375 0.51953125 0.0546875 0.08359375
19 0.575 0.46953125 0.034375 0.075
5 0.5484375 0.553125 0.0546875 0.08046875
15 0.459375 0.51953125 0.04375 0.08359375
5 0.4 0.525 0.0484375 0.08046875
5 0.3453125 0.5140625 0.0453125 0.08046875
5 0.3578125 0.475 0.0390625 0.05859375
5 0.403125 0.471875 0.0359375 0.05
11 0.3625 0.421875 0.034375 0.06640625
17 0.3953125 0.45 0.021875 0.05546875
19 0.4265625 0.44140625 0.0359375 0.078125
7 0.4203125 0.3609375 0.01875 0.03046875
9 0.4234375 0.4 0.03125 0.046875
15 0.4703125 0.4859375 0.040625 0.071875
5 0.5171875 0.503125 0.0421875 0.06953125
5 0.5359375 0.4390625 0.0296875 0.05
5 0.5140625 0.46640625 0.034375 0.046875
9 0.4703125 0.44453125 0.0359375 0.05546875
19 0.4625 0.428125 0.0296875 0.0640625
17 0.5703125 0.425 0.0203125 0.01953125
17 0.5390625 0.403125 0.021875 0.025
17 0.559375 0.4140625 0.01875 0.0359375
19 0.48125 0.36953125 0.0203125 0.0359375
11 0.45625 0.375 0.0234375 0.05
19 0.496875 0.40859375 0.025 0.05546875
17 0.5 0.44453125 0.0203125 0.046875
0 0.521875 0.36640625 0.0234375 0.03359375
4 0.4765625 0.31953125 0.021875 0.04453125
4 0.49375 0.30859375 0.0171875 0.0359375
19 0.428125 0.35546875 0.0171875 0.0359375
5 0.2421875 0.38046875 0.0265625 0.0390625
9 0.3 0.353125 0.0265625 0.03359375
17 0.3546875 0.33046875 0.0109375 0.025
9 0.384375 0.296875 0.009375 0.01953125
5 0.3875 0.40546875 0.0203125 0.0359375
5 0.3875 0.38359375 0.0203125 0.01640625
9 0.390625 0.35859375 0.021875 0.028125
9 0.4234375 0.3359375 0.0140625 0.021875
19 0.4109375 0.325 0.0140625 0.01953125
5 0.403125 0.34453125 0.015625 0.01953125
17 0.4390625 0.38046875 0.0125 0.03046875
5 0.453125 0.31953125 0.009375 0.0109375
19 0.428125 0.325 0.0109375 0.01953125
18 0.453125 0.346875 0.0203125 0.0140625
11 0.415625 0.3109375 0.0109375 0.01640625