12 0.0578125 0.86953125 0.1109375 0.1390625
13 0.0953125 0.8890625 0.0703125 0.13046875
13 0.2765625 0.8640625 0.075 0.175
11 0.046875 0.59453125 0.0640625 0.08046875
13 0.090625 0.74140625 0.06875 0.10859375
13 0.0296875 0.6640625 0.0421875 0.10859375
13 0.0375 0.76953125 0.06875 0.103125
13 0.1484375 0.8109375 0.053125 0.1640625
5 0.2703125 0.75546875 0.125 0.11640625
5 0.046875 0.5390625 0.05 0.04140625
5 0.209375 0.58359375 0.0734375 0.08046875
5 0.5984375 0.86640625 0.184375 0.196875
5 0.80625 0.6640625 0.071875 0.1359375
5 0.7625 0.48359375 0.0453125 0.06953125
1 0.8375 0.44140625 0.0890625 0.128125
13 0.9625 0.8859375 0.0671875 0.2140625
17 0.9359375 0.7 0.084375 0.15546875
13 0.790625 0.7890625 0.1328125 0.178125
13 0.6765625 0.6609375 0.0828125 0.15859375
4 0.4640625 0.63359375 0.2515625 0.25546875
9 0.428125 0.86640625 0.1921875 0.2359375