15 0.68515625 0.48125 0.48125 0.2015625
5 0.3 0.415625 0.11015625 0.0578125
5 0.35 0.403125 0.05390625 0.0421875
10 0.18359375 0.4046875 0.03125 0.0421875
5 0.21484375 0.403125 0.0375 0.034375
3 0.01875 0.403125 0.02109375 0.0390625
5 0.08515625 0.403125 0.06015625 0.03125
11 0.15625 0.3859375 0.03984375 0.0359375
5 0.16875 0.3984375 0.02109375 0.0265625
5 0.24375 0.3953125 0.03515625 0.0203125
4 0.1 0.3765625 0.02890625 0.0109375
17 0.12109375 0.390625 0.01640625 0.0171875
4 0.07265625 0.378125 0.01875 0.0078125