5 0.1515625 0.79140625 0.3015625 0.31953125
15 0.8859375 0.73046875 0.1953125 0.19140625
5 0.7171875 0.7140625 0.0828125 0.0890625
9 0.5359375 0.71640625 0.096875 0.1890625
17 0.4078125 0.696875 0.040625 0.08359375
19 0.6015625 0.696875 0.059375 0.09453125
11 0.6390625 0.69140625 0.0234375 0.0609375
18 0.88125 0.63046875 0.18125 0.125
18 0.7 0.6609375 0.0375 0.025
10 0.3453125 0.7 0.025 0.06953125
10 0.3671875 0.70859375 0.0234375 0.08046875
15 0.44375 0.68359375 0.0171875 0.0390625
5 0.48125 0.69453125 0.01875 0.0390625