17 0.8125 0.60859375 0.0921875 0.09453125
17 0.9515625 0.70546875 0.084375 0.1640625
17 0.93125 0.646875 0.0875 0.1390625
17 0.8515625 0.553125 0.0765625 0.128125
17 0.859375 0.4640625 0.05625 0.06953125
17 0.9296875 0.475 0.0625 0.06640625
17 0.975 0.49140625 0.04375 0.03359375
17 0.80625 0.428125 0.0515625 0.0640625
17 0.7015625 0.396875 0.0390625 0.0390625
10 0.65 0.73359375 0.0515625 0.19140625
11 0.3765625 0.29140625 0.0421875 0.09453125
5 0.3078125 0.3 0.0296875 0.0390625
5 0.05 0.50859375 0.0765625 0.09453125
5 0.75 0.85859375 0.15 0.25
9 0.8640625 0.90859375 0.2171875 0.18046875
5 0.8390625 0.73046875 0.1484375 0.1609375
5 0.9203125 0.871875 0.15 0.196875
5 0.9609375 0.55859375 0.0703125 0.0890625
5 0.7953125 0.5609375 0.1109375 0.09140625
9 0.7125 0.578125 0.103125 0.15
5 0.596875 0.56953125 0.090625 0.13046875
4 0.628125 0.29140625 0.09375 0.09453125
5 0.76875 0.403125 0.0609375 0.04453125
15 0.6828125 0.44453125 0.075 0.071875
5 0.6109375 0.46640625 0.065625 0.075
17 0.584375 0.421875 0.0390625 0.071875
19 0.5140625 0.4109375 0.0625 0.11640625
11 0.5765625 0.30859375 0.046875 0.06640625
11 0.478125 0.2390625 0.0296875 0.04453125
18 0.421875 0.23359375 0.025 0.046875
18 0.36875 0.2 0.0171875 0.0390625
5 0.35625 0.24140625 0.0203125 0.028125
4 0.509375 0.225 0.04375 0.05546875
19 0.49375 0.3 0.0375 0.0609375
9 0.6515625 0.36953125 0.05 0.05859375
5 0.675 0.346875 0.0375 0.03046875
5 0.7109375 0.36953125 0.046875 0.04140625
15 0.640625 0.4109375 0.05625 0.0859375
9 0.590625 0.3640625 0.04375 0.05
5 0.5265625 0.46953125 0.05625 0.09140625
5 0.5609375 0.5109375 0.0703125 0.11640625
5 0.6390625 0.66953125 0.1109375 0.18359375
10 0.696875 0.71953125 0.046875 0.1859375
10 0.7546875 0.69140625 0.059375 0.1
5 0.9078125 0.50859375 0.0765625 0.05546875
9 0.4734375 0.346875 0.0375 0.08046875
5 0.559375 0.4109375 0.04375 0.06640625
5 0.6546875 0.51953125 0.0796875 0.09453125
10 0.2875 0.21953125 0.0078125 0.021875
17 0.296875 0.203125 0.009375 0.021875
17 0.3109375 0.2 0.0125 0.025
4 0.56875 0.25546875 0.0296875 0.0390625
15 0.4390625 0.3 0.021875 0.05546875
11 0.4234375 0.2390625 0.0234375 0.0609375
5 0.3203125 0.703125 0.1015625 0.16953125