17 0.834375 0.871875 0.1390625 0.24453125
5 0.6953125 0.86640625 0.1609375 0.2609375
7 0.3859375 0.7 0.096875 0.328125
9 0.5421875 0.68046875 0.1 0.3109375
5 0.6265625 0.6 0.0859375 0.15546875
17 0.7015625 0.55546875 0.0671875 0.15859375
10 0.7484375 0.6640625 0.0453125 0.1609375
13 0.846875 0.4890625 0.0625 0.121875
13 0.7734375 0.45546875 0.053125 0.09140625
13 0.9015625 0.5 0.04375 0.11953125
5 0.2640625 0.7359375 0.128125 0.24140625
5 0.20625 0.953125 0.1453125 0.08046875
5 0.484375 0.925 0.1234375 0.14140625
11 0.434375 0.53359375 0.06875 0.23046875
11 0.45 0.2640625 0.0328125 0.0609375
11 0.425 0.178125 0.0125 0.021875
19 0.509375 0.3109375 0.0359375 0.071875
19 0.4359375 0.33359375 0.0375 0.0890625
19 0.41875 0.25546875 0.0265625 0.05546875
19 0.4328125 0.20546875 0.015625 0.03046875
9 0.528125 0.2359375 0.0234375 0.03046875
19 0.3546875 0.38359375 0.0515625 0.10859375
5 0.3671875 0.3359375 0.0390625 0.0609375
5 0.3875 0.28359375 0.03125 0.05
15 0.396875 0.2359375 0.01875 0.0359375
17 0.4125 0.203125 0.0109375 0.028125
17 0.40625 0.221875 0.0140625 0.028125
19 0.41875 0.19453125 0.0140625 0.028125
4 0.4828125 0.153125 0.0171875 0.03359375
5 0.553125 0.36640625 0.0390625 0.075
5 0.496875 0.38359375 0.0390625 0.06640625
17 0.4734375 0.33046875 0.025 0.0640625
17 0.4640625 0.41953125 0.03125 0.06953125
17 0.5109375 0.475 0.0390625 0.10859375
5 0.58125 0.33359375 0.0453125 0.05546875
0 0.553125 0.28046875 0.034375 0.0609375
17 0.5171875 0.275 0.0171875 0.04140625
17 0.4796875 0.2609375 0.015625 0.0390625
17 0.4484375 0.225 0.0125 0.01640625
17 0.4640625 0.23359375 0.0125 0.021875
17 0.4765625 0.2390625 0.0125 0.01640625
17 0.453125 0.2109375 0.0109375 0.01640625
17 0.4671875 0.20546875 0.0109375 0.01953125
17 0.203125 0.33359375 0.0359375 0.0640625
17 0.1546875 0.33046875 0.0359375 0.05859375
17 0.2859375 0.24453125 0.01875 0.04453125
17 0.021875 0.51640625 0.0421875 0.0890625
5 0.059375 0.625 0.11875 0.1609375
5 0.1609375 0.4640625 0.103125 0.096875
5 0.140625 0.39140625 0.084375 0.075
9 0.0546875 0.396875 0.1 0.10546875
10 0.2296875 0.35 0.01875 0.06640625
5 0.2734375 0.33046875 0.0484375 0.05546875
15 0.24375 0.303125 0.0390625 0.053125
15 0.2953125 0.28359375 0.0234375 0.05546875
15 0.3203125 0.24140625 0.021875 0.025
4 0.225 0.253125 0.075 0.0890625
10 0.3109375 0.2140625 0.00625 0.028125
15 0.0453125 0.325 0.0546875 0.05
1 0.1234375 0.278125 0.0953125 0.10546875
15 0.034375 0.475 0.0671875 0.071875
5 0.31875 0.53046875 0.0828125 0.13046875
5 0.43125 0.225 0.0171875 0.021875
5 0.5 0.221875 0.015625 0.028125
5 0.4875 0.23359375 0.0171875 0.028125
5 0.4703125 0.221875 0.015625 0.01953125
4 0.4875 0.1890625 0.0203125 0.04453125
5 0.5296875 0.25546875 0.01875 0.03046875
5 0.5 0.2609375 0.0234375 0.0359375
9 0.50625 0.196875 0.015625 0.025
9 0.4625 0.18359375 0.009375 0.01640625
4 0.5046875 0.16953125 0.0203125 0.03046875
5 0.51875 0.221875 0.01875 0.025
5 0.5125 0.20859375 0.015625 0.0140625
19 0.4390625 0.1859375 0.0109375 0.01953125
9 0.44375 0.16953125 0.0109375 0.01640625
15 0.4578125 0.16953125 0.0109375 0.0140625
15 0.375 0.178125 0.0125 0.01640625
4 0.4359375 0.14453125 0.0125 0.021875