5 0.60390625 0.490625 0.35390625 0.128125
5 0.50625 0.44375 0.13984375 0.05625
5 0.07734375 0.4453125 0.125 0.0609375
10 0.23984375 0.4390625 0.03984375 0.0578125
10 0.2 0.4328125 0.03984375 0.05625
10 0.15859375 0.4234375 0.02109375 0.0359375
17 0.09765625 0.415625 0.05234375 0.0265625
4 0.05859375 0.3984375 0.02890625 0.0125
10 0.02890625 0.4203125 0.02109375 0.03125
5 0.01015625 0.4140625 0.01640625 0.0171875
4 0.03359375 0.4 0.02109375 0.009375
5 0.13515625 0.428125 0.02734375 0.0359375
11 0.14609375 0.4078125 0.04609375 0.0359375
5 0.175 0.4171875 0.01640625 0.01875
4 0.22109375 0.4046875 0.03359375 0.0140625
5 0.05625 0.4109375 0.02734375 0.009375
5 0.24609375 0.4328125 0.06875 0.04375