10 0.1734375 0.7609375 0.078125 0.26640625
17 0.309375 0.74453125 0.1390625 0.25859375
18 0.390625 0.678125 0.0453125 0.178125
5 0.428125 0.703125 0.0359375 0.075
9 0.5234375 0.7 0.0546875 0.1
19 0.58125 0.696875 0.0609375 0.0859375
4 0.4296875 0.653125 0.0375 0.09140625
5 0.4578125 0.6859375 0.0234375 0.04140625
15 0.659375 0.7 0.0453125 0.05859375
11 0.621875 0.68046875 0.021875 0.0359375
5 0.6359375 0.69140625 0.021875 0.04140625
18 0.6921875 0.65859375 0.0484375 0.0609375
9 0.7546875 0.68046875 0.05 0.0359375
5 0.7125 0.68359375 0.0296875 0.0140625
18 0.8953125 0.65546875 0.06875 0.09140625
4 0.9609375 0.625 0.0765625 0.60859375