15 0.346875 0.69140625 0.171875 0.153125
19 0.6328125 0.7 0.0640625 0.09140625
17 0.0609375 0.671875 0.0890625 0.1890625
10 0.190625 0.68359375 0.065625 0.1109375
5 0.41875 0.703125 0.0484375 0.071875
17 0.4578125 0.69140625 0.0203125 0.05546875
5 0.5140625 0.703125 0.0328125 0.04453125
10 0.5546875 0.703125 0.0140625 0.05546875
9 0.5765625 0.69453125 0.0296875 0.0609375
17 0.4828125 0.6859375 0.0109375 0.025
11 0.715625 0.70546875 0.075 0.096875
4 0.7921875 0.6640625 0.1234375 0.096875
9 0.85625 0.696875 0.046875 0.0359375
5 0.9109375 0.753125 0.1734375 0.175
10 0.59375 0.728125 0.0359375 0.121875