19 0.4125 0.68359375 0.171875 0.4390625
5 0.659375 0.73359375 0.1703125 0.325
19 0.7109375 0.3359375 0.10625 0.20859375
9 0.490625 0.38046875 0.0953125 0.203125
9 0.471875 0.2359375 0.0796875 0.15859375
15 0.375 0.178125 0.0734375 0.13359375
15 0.525 0.11640625 0.0578125 0.096875
19 0.49140625 0.04140625 0.0390625 0.0828125
0 0.5703125 0.03359375 0.0453125 0.0640625
17 0.5984375 0.1140625 0.05 0.08359375
5 0.675 0.253125 0.078125 0.11953125
5 0.603125 0.1890625 0.0625 0.1
17 0.6765625 0.171875 0.0484375 0.078125
17 0.6375 0.13046875 0.0375 0.0890625
17 0.5828125 0.35546875 0.0671875 0.16953125
17 0.3265625 0.38359375 0.0640625 0.178125
11 0.2265625 0.29140625 0.0921875 0.24140625
5 0.2875 0.2 0.0609375 0.10859375
5 0.3140625 0.13046875 0.053125 0.08046875
5 0.38125 0.1109375 0.046875 0.053125
5 0.459375 0.1359375 0.0546875 0.0890625
5 0.528125 0.19140625 0.059375 0.10546875
5 0.04375 0.221875 0.0859375 0.10859375
10 0.1296875 0.0390625 0.0203125 0.0640625
10 0.1796875 0.03359375 0.0171875 0.0609375
10 0.2125 0.021875 0.015625 0.0390625
5 0.31875 0.08359375 0.046875 0.0640625
5 0.3234375 0.053125 0.0421875 0.053125
19 0.3296875 0.03359375 0.040625 0.06640625
7 0.378125 0.053125 0.0359375 0.0859375
17 0.4140625 0.0609375 0.0234375 0.06953125
5 0.09296875 0.94453125 0.1859375 0.10546875
5 0.6296875 0.95546875 0.171875 0.078125
13 0.978125 0.4140625 0.034375 0.1890625
5 0.5734375 0.1 0.0359375 0.06953125
10 0.5515625 0.08359375 0.0125 0.075
9 0.5921875 0.0609375 0.0390625 0.0390625
9 0.5203125 0.028125 0.0234375 0.04453125
11 0.4453125 0.071875 0.04375 0.11953125
5 0.3578125 0.05 0.009375 0.05859375