11 0.5671875 0.66640625 0.0921875 0.1890625
4 0.3984375 0.671875 0.071875 0.096875
10 0.478125 0.696875 0.0171875 0.06953125
4 0.4453125 0.671875 0.034375 0.06953125
5 0.7109375 0.68359375 0.05 0.0390625
19 0.784375 0.68046875 0.04375 0.04453125
17 0.875 0.68046875 0.059375 0.053125
4 0.7125 0.6609375 0.034375 0.04453125
5 0.6625 0.6859375 0.028125 0.021875
4 0.678125 0.671875 0.01875 0.046875
11 0.61875 0.6859375 0.0125 0.0890625
5 0.65 0.68359375 0.015625 0.025
5 0.9234375 0.80546875 0.15 0.325