11 0.80625 0.7140625 0.15625 0.1890625
15 0.678125 0.70859375 0.065625 0.08359375
19 0.6125 0.696875 0.065625 0.096875
10 0.559375 0.70859375 0.025 0.09453125
5 0.50625 0.70546875 0.046875 0.06953125
4 0.5390625 0.66953125 0.03125 0.06640625
5 0.4234375 0.69140625 0.04375 0.04453125
17 0.35 0.68046875 0.040625 0.05546875
10 0.378125 0.6859375 0.034375 0.05859375
17 0.4515625 0.68359375 0.015625 0.0359375
17 0.4703125 0.68046875 0.0125 0.028125
5 0.4828125 0.6859375 0.015625 0.0359375
17 0.28125 0.675 0.053125 0.08359375
10 0.9515625 0.8609375 0.0890625 0.2609375
4 0.665625 0.66640625 0.05625 0.053125
4 0.8078125 0.65 0.1640625 0.1140625
4 0.915625 0.671875 0.05 0.0890625
4 0.975 0.66953125 0.0421875 0.096875
4 0.0921875 0.496875 0.1828125 0.9859375