5 0.225 0.871875 0.396875 0.2359375
13 0.6140625 0.8140625 0.2078125 0.28046875
13 0.43125 0.79453125 0.2140625 0.2640625
16 0.26875 0.74140625 0.1234375 0.096875
9 0.403125 0.725 0.0765625 0.10546875
17 0.44375 0.70859375 0.0296875 0.06953125
10 0.4453125 0.721875 0.021875 0.078125
15 0.3578125 0.70546875 0.0421875 0.06953125
5 0.1234375 0.76953125 0.21875 0.11953125
16 0.3046875 0.70859375 0.04375 0.05546875
13 0.0484375 0.71640625 0.025 0.053125
9 0.1765625 0.6890625 0.0265625 0.025
9 0.190625 0.6859375 0.0171875 0.01953125
10 0.5 0.703125 0.01875 0.05859375
13 0.784375 0.725 0.0484375 0.1
13 0.8578125 0.721875 0.071875 0.10546875