5 0.2140625 0.83046875 0.15625 0.31640625
11 0.559375 0.76640625 0.115625 0.28046875
5 0.6921875 0.7390625 0.121875 0.24453125
15 0.365625 0.625 0.084375 0.20859375
17 0.453125 0.7109375 0.071875 0.23046875
5 0.446875 0.5390625 0.0671875 0.14453125
9 0.5078125 0.446875 0.0609375 0.14140625
7 0.3875 0.40859375 0.0515625 0.14453125
11 0.4453125 0.36953125 0.046875 0.14140625
17 0.4796875 0.3390625 0.0203125 0.06640625
5 0.5203125 0.353125 0.0375 0.0609375
17 0.5703125 0.36640625 0.034375 0.08046875
17 0.628125 0.4640625 0.046875 0.10859375
10 0.60625 0.39453125 0.0234375 0.071875
10 0.6703125 0.56640625 0.0359375 0.11640625
17 0.8375 0.5640625 0.1125 0.13359375
13 0.75 0.471875 0.0625 0.11640625
13 0.815625 0.478125 0.059375 0.08359375
13 0.8703125 0.4859375 0.0375 0.071875
5 0.11875 0.496875 0.1109375 0.125
17 0.02421875 0.5140625 0.0484375 0.14453125
4 0.07265625 0.328125 0.1453125 0.1890625
9 0.1921875 0.375 0.075 0.1
15 0.159375 0.34140625 0.08125 0.09453125
17 0.1875 0.29140625 0.034375 0.05546875
10 0.215625 0.253125 0.0125 0.053125
15 0.25625 0.29140625 0.04375 0.053125
5 0.29375 0.23359375 0.0234375 0.03046875
5 0.30625 0.20859375 0.021875 0.028125
0 0.51875 0.246875 0.025 0.05
9 0.5203125 0.303125 0.03125 0.046875
17 0.44375 0.25859375 0.01875 0.04453125
17 0.4328125 0.30859375 0.0265625 0.05
5 0.3953125 0.321875 0.040625 0.04140625
5 0.340625 0.34453125 0.04375 0.06953125
9 0.3546875 0.28046875 0.0359375 0.06953125
19 0.409375 0.246875 0.0265625 0.05546875
19 0.4609375 0.29140625 0.028125 0.03359375
19 0.4671875 0.246875 0.025 0.05546875
5 0.5078125 0.26953125 0.0328125 0.04453125
5 0.378125 0.21953125 0.0234375 0.03046875
5 0.4109375 0.2109375 0.0203125 0.028125
18 0.4359375 0.228125 0.028125 0.05546875
4 0.465625 0.178125 0.025 0.05
4 0.4640625 0.14453125 0.01875 0.03046875
4 0.484375 0.16640625 0.0203125 0.04140625
5 0.4765625 0.2109375 0.01875 0.01953125
19 0.4859375 0.1890625 0.0140625 0.021875
19 0.434375 0.18359375 0.0140625 0.025
9 0.4109375 0.19140625 0.0203125 0.03046875
11 0.4046875 0.1609375 0.0140625 0.01640625
9 0.384375 0.203125 0.01875 0.025
17 0.390625 0.196875 0.0140625 0.028125
19 0.4 0.178125 0.0140625 0.021875
19 0.4171875 0.178125 0.0125 0.01953125
4 0.4359375 0.1390625 0.0125 0.021875
5 0.440625 0.175 0.0140625 0.01640625
5 0.36875 0.1640625 0.0125 0.01640625
1 0.0953125 0.2390625 0.0984375 0.078125
19 0.8109375 0.9359375 0.190625 0.1140625