0 0.765625 0.55859375 0.13125 0.16640625
19 0.7296875 0.796875 0.1484375 0.3140625
5 0.628125 0.921875 0.1140625 0.14140625
10 0.409375 0.7890625 0.05625 0.1640625
19 0.509375 0.79453125 0.1 0.3
19 0.3078125 0.878125 0.146875 0.23359375
9 0.4921875 0.3609375 0.0265625 0.05
19 0.459375 0.45859375 0.0375 0.0859375
19 0.4671875 0.328125 0.01875 0.0390625
17 0.6078125 0.74140625 0.0671875 0.175
17 0.6703125 0.596875 0.05625 0.10859375
17 0.578125 0.58046875 0.0421875 0.11640625
17 0.5546875 0.4640625 0.0265625 0.071875
5 0.6 0.50859375 0.0484375 0.0859375
5 0.6453125 0.471875 0.046875 0.071875
5 0.58125 0.396875 0.03125 0.05
5 0.584375 0.44140625 0.0359375 0.0609375
5 0.5328125 0.40859375 0.0328125 0.04453125
5 0.4953125 0.41640625 0.0296875 0.05
15 0.440625 0.43359375 0.034375 0.0640625
5 0.4265625 0.521875 0.053125 0.09140625
5 0.390625 0.653125 0.075 0.14453125
5 0.209375 0.65859375 0.1015625 0.121875
5 0.16875 0.6140625 0.0875 0.10859375
5 0.2375 0.51640625 0.071875 0.075
5 0.221875 0.4890625 0.0625 0.071875
5 0.2765625 0.428125 0.0484375 0.053125
5 0.478125 0.39140625 0.0265625 0.046875
5 0.5703125 0.346875 0.01875 0.028125
17 0.5 0.44140625 0.025 0.046875
17 0.5296875 0.4390625 0.0234375 0.05
17 0.5203125 0.35859375 0.015625 0.04140625
17 0.546875 0.36640625 0.0203125 0.04140625
17 0.540625 0.35 0.015625 0.0359375
17 0.5125 0.33046875 0.0125 0.03046875
17 0.4671875 0.34453125 0.0140625 0.03359375
17 0.5296875 0.3359375 0.0125 0.03359375
17 0.49375 0.33359375 0.015625 0.0140625
17 0.515625 0.346875 0.0140625 0.03359375
17 0.284375 0.45 0.03125 0.0609375
17 0.3171875 0.421875 0.028125 0.053125
17 0.359375 0.41953125 0.0234375 0.053125
17 0.1453125 0.5140625 0.05625 0.071875
10 0.190625 0.90859375 0.078125 0.175
1 0.2015625 0.41640625 0.084375 0.10859375
5 0.3375 0.45859375 0.046875 0.05859375
15 0.290625 0.525 0.065625 0.078125
5 0.0796875 0.88359375 0.15625 0.21953125
5 0.065625 0.63359375 0.1109375 0.11640625
5 0.3234375 0.38359375 0.01875 0.025
5 0.3671875 0.36640625 0.028125 0.03359375
5 0.3765625 0.3890625 0.025 0.0359375
5 0.390625 0.346875 0.021875 0.028125
4 0.4109375 0.30859375 0.0328125 0.046875
17 0.3828125 0.33046875 0.0140625 0.028125
9 0.3453125 0.35546875 0.028125 0.04140625
10 0.3140625 0.346875 0.0140625 0.03046875
5 0.4546875 0.28046875 0.0109375 0.01640625
10 0.4421875 0.2859375 0.00625 0.0109375
5 0.465625 0.271875 0.0078125 0.0109375
11 0.4859375 0.29453125 0.0125 0.021875
19 0.4859375 0.31953125 0.015625 0.03046875
5 0.5015625 0.3109375 0.0140625 0.021875
19 0.5265625 0.296875 0.0109375 0.01953125
4 0.54375 0.30546875 0.021875 0.05859375
4 0.565625 0.28046875 0.01875 0.046875
4 0.54375 0.25859375 0.0171875 0.03046875
15 0.13125 0.471875 0.0484375 0.06953125
15 0.609375 0.36953125 0.0265625 0.046875
5 0.5984375 0.353125 0.021875 0.0359375
5 0.5734375 0.33046875 0.0203125 0.028125
5 0.5828125 0.31953125 0.021875 0.01953125
19 0.56875 0.303125 0.0125 0.025
13 0.859375 0.546875 0.059375 0.1109375
13 0.915625 0.553125 0.0390625 0.10546875
10 0.6703125 0.5109375 0.025 0.0609375
10 0.7015625 0.51953125 0.0203125 0.0859375
5 0.9546875 0.671875 0.0890625 0.1109375
18 0.50625 0.51640625 0.0546875 0.11953125
9 0.5046875 0.28046875 0.009375 0.0109375
9 0.51875 0.28046875 0.009375 0.0140625
4 0.51875 0.2609375 0.0125 0.01953125
4 0.496875 0.25546875 0.009375 0.01953125
9 0.49375 0.278125 0.009375 0.0140625
5 0.9546875 0.675 0.0875 0.11640625