13 0.284375 0.625 0.425 0.73359375
13 0.659375 0.60546875 0.246875 0.76640625
13 0.8859375 0.621875 0.2125 0.7359375
4 0.8125 0.26953125 0.1484375 0.28359375
4 0.5984375 0.1859375 0.1578125 0.15546875
4 0.725 0.21953125 0.0296875 0.1109375
13 0.578125 0.4359375 0.0734375 0.3640625
13 0.4625 0.446875 0.11875 0.40859375
13 0.5234375 0.38359375 0.0578125 0.2859375
4 0.9640625 0.2140625 0.0625 0.14140625
13 0.1390625 0.34140625 0.084375 0.16640625
13 0.8890625 0.628125 0.215625 0.721875
13 0.0296875 0.3640625 0.05625 0.221875