5 0.890625 0.68046875 0.1 0.1109375
5 0.9546875 0.653125 0.0625 0.078125
4 0.9359375 0.60546875 0.1125 0.09453125
13 0.678125 0.65546875 0.0625 0.08046875
13 0.6984375 0.653125 0.040625 0.078125
13 0.8265625 0.63359375 0.034375 0.0609375
5 0.528125 0.6859375 0.1 0.071875
13 0.134375 0.746875 0.0515625 0.125
16 0.21875 0.6890625 0.05 0.0640625
4 0.165625 0.65 0.0546875 0.0890625
4 0.06875 0.66953125 0.053125 0.09453125
5 0.3015625 0.66953125 0.0421875 0.0390625
13 0.7578125 0.6390625 0.028125 0.05546875
13 0.8578125 0.628125 0.01875 0.04140625
13 0.0359375 0.675 0.0140625 0.05
13 0.2640625 0.65859375 0.0140625 0.0359375