17 0.0671875 0.74453125 0.071875 0.14140625
17 0.2359375 0.725 0.0609375 0.125
17 0.2484375 0.646875 0.0421875 0.08359375
17 0.2859375 0.56953125 0.0296875 0.071875
17 0.1109375 0.6390625 0.0625 0.09140625
17 0.16875 0.678125 0.0578125 0.10546875
5 0.4015625 0.596875 0.0453125 0.078125
5 0.459375 0.603125 0.0453125 0.08359375
15 0.5109375 0.596875 0.04375 0.0890625
19 0.475 0.51953125 0.034375 0.06953125
5 0.4546875 0.55859375 0.0359375 0.0640625
5 0.409375 0.5609375 0.0390625 0.06640625
11 0.4109375 0.50546875 0.0359375 0.06953125
7 0.4640625 0.446875 0.0171875 0.0390625
11 0.5 0.4609375 0.0234375 0.05859375
19 0.5234375 0.446875 0.021875 0.0359375
19 0.6234375 0.54453125 0.0375 0.08046875
15 0.6375 0.59140625 0.0578125 0.08046875
5 0.6 0.621875 0.05625 0.08046875
5 0.5671875 0.58046875 0.0453125 0.071875
9 0.51875 0.521875 0.0390625 0.053125
5 0.5203125 0.5640625 0.0390625 0.06953125
5 0.5625 0.54140625 0.034375 0.04453125
18 0.39375 0.91640625 0.353125 0.1609375
13 0.628125 0.93046875 0.103125 0.10546875
17 0.28125 0.53359375 0.0296875 0.05546875
4 0.1921875 0.5640625 0.1078125 0.128125
15 0.2125 0.6140625 0.090625 0.0890625
17 0.653125 0.5359375 0.028125 0.0640625
17 0.615625 0.49453125 0.0234375 0.025
17 0.6015625 0.48359375 0.0203125 0.03046875
17 0.5828125 0.471875 0.0265625 0.021875
5 0.5796875 0.50546875 0.0296875 0.04140625
0 0.5609375 0.44453125 0.0234375 0.0390625
5 0.4359375 0.4859375 0.0203125 0.0390625
1 0.175 0.5140625 0.0890625 0.09453125
5 0.434375 0.4859375 0.021875 0.0390625
9 0.4359375 0.44453125 0.021875 0.03359375
9 0.4328125 0.4640625 0.0234375 0.01640625
19 0.471875 0.4359375 0.01875 0.0359375
17 0.484375 0.4640625 0.015625 0.0359375
19 0.5421875 0.48359375 0.0265625 0.05859375
4 0.515625 0.396875 0.0234375 0.04140625
19 0.4875 0.40546875 0.015625 0.025
19 0.471875 0.403125 0.0109375 0.01953125
19 0.453125 0.40859375 0.0140625 0.01640625
5 0.4453125 0.425 0.015625 0.01640625
4 0.5328125 0.38359375 0.0171875 0.028125
4 0.5109375 0.38046875 0.01875 0.053125
4 0.3078125 0.46953125 0.0546875 0.0609375
17 0.3 0.50546875 0.0234375 0.04453125
5 0.33125 0.5390625 0.040625 0.05859375
5 0.3515625 0.478125 0.034375 0.04140625
9 0.4 0.40546875 0.0171875 0.021875
9 0.3734375 0.43046875 0.01875 0.025
11 0.4578125 0.39140625 0.0125 0.0140625
9 0.4734375 0.3890625 0.009375 0.01640625
19 0.4875 0.3859375 0.009375 0.01953125
5 0.421875 0.4 0.0140625 0.01953125
17 0.0875 0.58359375 0.0515625 0.08046875