17 0.02734375 0.5734375 0.0546875 0.1921875
17 0.2234375 0.50859375 0.0734375 0.0890625
17 0.3140625 0.49140625 0.028125 0.0640625
5 0.365625 0.5 0.0484375 0.0609375
5 0.525 0.55 0.0828125 0.10546875
9 0.4640625 0.4890625 0.021875 0.04453125
4 0.4078125 0.45859375 0.0171875 0.03359375
9 0.8796875 0.58359375 0.1765625 0.15625
5 0.9640625 0.59765625 0.065625 0.10546875
5 0.7359375 0.553125 0.10625 0.0890625
5 0.7796875 0.5390625 0.0359375 0.05
5 0.653125 0.52265625 0.0578125 0.053125
5 0.6078125 0.5109375 0.0359375 0.03359375
19 0.58125 0.49140625 0.0453125 0.0390625
5 0.7046875 0.50859375 0.04375 0.01953125