5 0.321875 0.84140625 0.64375 0.30390625
3 0.0578125 0.78515625 0.115625 0.08671875
5 0.9484375 0.79375 0.0984375 0.3203125
5 0.415625 0.64765625 0.14375 0.08046875
5 0.275 0.62265625 0.0921875 0.05546875
5 0.1609375 0.60859375 0.084375 0.0609375
5 0.0859375 0.59765625 0.059375 0.04765625
5 0.01796875 0.5890625 0.0359375 0.05
5 0.85 0.6921875 0.10625 0.1390625
5 0.4890625 0.625 0.084375 0.04765625
5 0.725 0.63125 0.0546875 0.04765625
11 0.621875 0.59765625 0.096875 0.10546875
15 0.59375 0.63359375 0.1015625 0.08046875
5 0.7453125 0.60546875 0.0453125 0.03046875
15 0.809375 0.6171875 0.05625 0.05546875