10 0.028125 0.65859375 0.021875 0.075
5 0.0921875 0.63359375 0.040625 0.08671875
5 0.1078125 0.60546875 0.040625 0.07265625
11 0.1703125 0.625 0.0640625 0.125
5 0.284375 0.61953125 0.0640625 0.08359375
5 0.315625 0.60546875 0.0296875 0.05546875
10 0.3421875 0.63125 0.03125 0.053125
10 0.3734375 0.62265625 0.0265625 0.04765625
15 0.8328125 0.6 0.0609375 0.09765625
10 0.79375 0.59453125 0.0125 0.0390625
15 0.8953125 0.56953125 0.0515625 0.075
3 0.903125 0.628125 0.0203125 0.0609375
19 0.959375 0.62265625 0.075 0.20625