5 0.4265625 0.60859375 0.09375 0.13671875
3 0.3203125 0.6140625 0.021875 0.09765625
10 0.0828125 0.5890625 0.0625 0.09765625
4 0.2953125 0.4890625 0.1078125 0.1390625
4 0.3640625 0.50546875 0.03125 0.09765625
4 0.3875 0.50546875 0.01875 0.06953125
9 0.4390625 0.53046875 0.0234375 0.03046875
5 0.4625 0.53359375 0.0171875 0.01640625
5 0.79375 0.6640625 0.196875 0.14765625
5 0.890625 0.653125 0.0890625 0.08046875
15 0.6640625 0.5890625 0.0921875 0.09765625
15 0.7625 0.578125 0.0984375 0.053125
5 0.6046875 0.578125 0.040625 0.053125
5 0.56875 0.5671875 0.034375 0.0390625
5 0.5421875 0.55 0.021875 0.03359375