16 0.06953125 0.56953125 0.1390625 0.09453125
17 0.19375 0.57265625 0.08125 0.1
17 0.26875 0.57265625 0.0640625 0.08671875
3 0.309375 0.6390625 0.03125 0.08671875
16 0.3328125 0.5640625 0.0375 0.05859375
5 0.48125 0.56953125 0.03125 0.04765625
17 0.41875 0.55546875 0.0265625 0.0359375
5 0.8359375 0.6390625 0.153125 0.11953125
5 0.7390625 0.6 0.06875 0.07265625
5 0.6609375 0.58359375 0.0453125 0.05
5 0.6296875 0.57265625 0.0234375 0.0390625
19 0.5328125 0.56953125 0.0359375 0.05859375
4 0.940625 0.496875 0.115625 0.103125
9 0.89375 0.6140625 0.1375 0.15078125