3 0.8921875 0.68125 0.0296875 0.05546875
3 0.846875 0.678125 0.0375 0.0390625
10 0.8046875 0.68125 0.03125 0.05546875
17 0.7296875 0.66953125 0.0578125 0.078125
10 0.6765625 0.68359375 0.034375 0.0390625
10 0.64375 0.68125 0.03125 0.0390625
10 0.6203125 0.68125 0.0171875 0.03046875
5 0.503125 0.66171875 0.021875 0.01953125
10 0.5625 0.67578125 0.0125 0.03046875
5 0.2296875 0.871875 0.3 0.24765625
5 0.071875 0.846875 0.14375 0.2921875
5 0.26875 0.7203125 0.0890625 0.0640625
15 0.05625 0.67578125 0.0609375 0.05859375
15 0.140625 0.70625 0.115625 0.14765625
19 0.25625 0.68125 0.075 0.078125
5 0.1984375 0.70078125 0.021875 0.075