5 0.8796875 0.83046875 0.09375 0.1578125
5 0.2515625 0.83984375 0.15 0.14140625
17 0.484375 0.7046875 0.0546875 0.09609375
3 0.3015625 0.6859375 0.0328125 0.05625
15 0.38125 0.7046875 0.04375 0.1203125
13 0.353125 0.671875 0.0140625 0.0703125
5 0.503125 0.64375 0.0375 0.02578125
5 0.4734375 0.6203125 0.05625 0.03984375
10 0.459375 0.58203125 0.021875 0.03515625
5 0.5484375 0.6015625 0.0484375 0.04921875
5 0.5015625 0.58203125 0.0453125 0.0328125
5 0.575 0.55390625 0.01875 0.0421875
19 0.5234375 0.546875 0.04375 0.03984375
10 0.49375 0.55625 0.0109375 0.0140625
9 0.5546875 0.53515625 0.01875 0.04453125
17 0.503125 0.5046875 0.0171875 0.03046875
17 0.540625 0.48828125 0.0171875 0.028125
17 0.56875 0.48359375 0.015625 0.02578125
17 0.590625 0.47890625 0.0125 0.02578125
17 0.603125 0.48359375 0.0125 0.02578125
17 0.70625 0.471875 0.0109375 0.0234375
17 0.7875 0.57265625 0.0234375 0.0515625
5 0.621875 0.471875 0.015625 0.01875
5 0.609375 0.4625 0.0125 0.01640625
5 0.634375 0.46015625 0.0078125 0.01640625
5 0.7203125 0.48125 0.0140625 0.02109375
5 0.7375 0.4953125 0.009375 0.028125
5 0.6796875 0.44375 0.009375 0.01171875
5 0.6640625 0.46484375 0.0140625 0.00703125
10 0.65625 0.5234375 0.0140625 0.02578125
4 0.6890625 0.46015625 0.0171875 0.01640625
11 0.678125 0.4765625 0.0171875 0.01640625
11 0.68125 0.51640625 0.03125 0.0609375
11 0.7140625 0.434375 0.009375 0.0140625