4 0.16484375 0.925 0.3296875 0.14140625
12 0.390625 0.90859375 0.125 0.18125
5 0.040625 0.81015625 0.08125 0.17890625
17 0.23125 0.83515625 0.078125 0.03515625
19 0.3984375 0.75859375 0.0984375 0.13359375
5 0.46875 0.70859375 0.059375 0.1125
17 0.3375 0.76015625 0.0609375 0.12890625
19 0.15 0.78515625 0.140625 0.14140625
5 0.24375 0.72890625 0.0875 0.11875
17 0.45625 0.64765625 0.04375 0.05859375
0 0.3875 0.67109375 0.075 0.10859375
5 0.3078125 0.6625 0.071875 0.07890625
5 0.1390625 0.7125 0.1171875 0.10859375
5 0.1828125 0.63984375 0.0734375 0.0625
5 0.265625 0.61875 0.0625 0.075
5 0.33125 0.61484375 0.046875 0.0625
17 0.403125 0.59140625 0.0328125 0.02890625
5 0.4453125 0.62265625 0.04375 0.06484375
17 0.45 0.57734375 0.028125 0.02734375
15 0.2109375 0.58515625 0.0671875 0.05390625
5 0.2828125 0.575 0.04375 0.03125
17 0.221875 0.55 0.034375 0.01875
11 0.246875 0.54375 0.0453125 0.04609375
19 0.3546875 0.57109375 0.0515625 0.07265625
19 0.41875 0.55625 0.0421875 0.05625
17 0.446875 0.54375 0.0140625 0.03515625
5 0.3296875 0.55390625 0.0203125 0.04765625
17 0.2921875 0.54765625 0.0296875 0.03125
5 0.3875 0.55390625 0.0203125 0.04375
17 0.45 0.525 0.0203125 0.01484375
17 0.4234375 0.52109375 0.021875 0.01484375
5 0.415625 0.51484375 0.025 0.02109375
5 0.334375 0.53359375 0.034375 0.03125
15 0.29375 0.53125 0.0375 0.03515625
19 0.346875 0.50859375 0.0296875 0.04140625
5 0.3046875 0.50859375 0.025 0.01875
5 0.384375 0.52109375 0.03125 0.025
5 0.375 0.50234375 0.0234375 0.0125
5 0.409375 0.49765625 0.025 0.01640625
5 0.4140625 0.48515625 0.01875 0.00625
9 0.371875 0.48359375 0.0234375 0.02734375
4 0.3921875 0.45859375 0.0265625 0.04609375
17 0.084375 0.5 0.03125 0.03984375
17 0.040625 0.50390625 0.025 0.04140625
5 0.1265625 0.48125 0.03125 0.02890625
17 0.1078125 0.48984375 0.01875 0.03125
5 0.2046875 0.44375 0.0171875 0.01640625
17 0.1890625 0.44609375 0.0140625 0.02109375
4 0.4171875 0.42890625 0.0171875 0.02265625
4 0.39375 0.41015625 0.015625 0.03359375
9 0.3421875 0.48359375 0.0234375 0.02265625
5 0.34375 0.46484375 0.0140625 0.01015625
5 0.3453125 0.45625 0.0140625 0.00625