9 0.4765625 0.91875 0.1515625 0.16015625
5 0.615625 0.91484375 0.153125 0.16640625
5 0.80625 0.95 0.20625 0.09609375
9 0.703125 0.80390625 0.1640625 0.16875
17 0.5515625 0.77109375 0.0765625 0.13359375
3 0.8703125 0.62890625 0.0296875 0.04609375
10 0.771875 0.60234375 0.03125 0.04375
11 0.4390625 0.7375 0.134375 0.19765625
5 0.4953125 0.7 0.071875 0.09765625
15 0.584375 0.69609375 0.109375 0.10859375
5 0.3453125 0.6625 0.0640625 0.08359375
5 0.4453125 0.625 0.06875 0.06875
5 0.540625 0.625 0.0734375 0.06640625
5 0.49375 0.58125 0.05625 0.05625
17 0.35625 0.60234375 0.0390625 0.05859375
5 0.4140625 0.58515625 0.059375 0.05859375
17 0.3703125 0.58515625 0.0375 0.06484375
5 0.4421875 0.55 0.046875 0.04765625
5 0.3921875 0.54609375 0.0453125 0.0375
5 0.325 0.57109375 0.04375 0.05625
5 0.4328125 0.51875 0.040625 0.03359375
5 0.321875 0.53359375 0.0375 0.02109375
10 0.4625 0.51640625 0.0125 0.02109375
19 0.4359375 0.48984375 0.0296875 0.03984375
4 0.3734375 0.49375 0.046875 0.08515625
17 0.33125 0.51015625 0.0265625 0.0375
5 0.3046875 0.49375 0.028125 0.03125
5 0.409375 0.48515625 0.0234375 0.03125
17 0.3359375 0.48515625 0.0234375 0.03359375
11 0.415625 0.45390625 0.028125 0.02890625
5 0.321875 0.47109375 0.0234375 0.01484375
5 0.31875 0.46484375 0.0234375 0.02265625
5 0.34375 0.4625 0.01875 0.02265625
10 0.28125 0.46875 0.0078125 0.01640625
5 0.346875 0.44765625 0.021875 0.01484375
4 0.3125 0.4375 0.0328125 0.05390625
19 0.3375 0.42734375 0.0171875 0.02734375
5 0.38125 0.42890625 0.0140625 0.01640625
10 0.2828125 0.43984375 0.0046875 0.01015625
17 0.29375 0.43515625 0.0078125 0.02265625
10 0.346875 0.38125 0.003125 0.00625
10 0.340625 0.38125 0.003125 0.00625
10 0.3328125 0.38125 0.0015625 0.00625
10 0.3234375 0.37890625 0.0015625 0.00390625
11 0.6921875 0.47109375 0.0515625 0.03359375