10 0.3328125 0.48984375 0.040625 0.1046875
17 0.240625 0.44921875 0.06875 0.17578125
17 0.178125 0.67734375 0.09375 0.253125
3 0.359375 0.90859375 0.0484375 0.15546875
10 0.209375 0.9125 0.0453125 0.11796875
10 0.27890625 0.9171875 0.0515625 0.1453125
5 0.09375 0.91015625 0.165625 0.15859375
5 0.20625 0.275 0.06875 0.121875
10 0.346875 0.1875 0.01875 0.0609375
9 0.3 0.1015625 0.0375 0.08125
10 0.34375 0.07734375 0.015625 0.040625
17 0.4125 0.11171875 0.021875 0.07109375
13 0.390625 0.07109375 0.015625 0.0671875
17 0.3765625 0.05390625 0.0140625 0.0578125
17 0.3734375 0.01171875 0.01875 0.0234375
5 0.509375 0.23515625 0.04375 0.1078125