5 0.2046875 0.94609375 0.090625 0.0984375
9 0.3171875 0.93828125 0.071875 0.1125
5 0.4171875 0.971875 0.065625 0.0453125
5 0.5546875 0.88984375 0.071875 0.10390625
19 0.228125 0.8390625 0.0640625 0.12421875
10 0.49375 0.9296875 0.0234375 0.0734375
10 0.1609375 0.9125 0.0265625 0.06484375
11 0.3125 0.8421875 0.059375 0.1296875
5 0.6046875 0.8390625 0.0640625 0.08984375
5 0.1546875 0.78046875 0.103125 0.06796875
5 0.3953125 0.9125 0.0765625 0.1125
10 0.4421875 0.89296875 0.0265625 0.05390625
5 0.4703125 0.83125 0.05625 0.08984375
5 0.578125 0.7890625 0.0453125 0.0703125
7 0.5015625 0.775 0.0515625 0.0984375
19 0.334375 0.76640625 0.0453125 0.10703125
17 0.2625 0.775 0.0328125 0.084375
17 0.4078125 0.83125 0.0390625 0.0875
9 0.390625 0.79453125 0.0515625 0.1015625
5 0.45 0.78046875 0.0515625 0.059375
4 0.315625 0.7 0.0515625 0.1296875
5 0.475 0.73125 0.0296875 0.05078125
4 0.48125 0.640625 0.065625 0.09609375
4 0.34375 0.61796875 0.0484375 0.06796875
4 0.4375 0.615625 0.025 0.06796875
4 0.4109375 0.584375 0.025 0.05625
5 0.415625 0.6890625 0.034375 0.03359375