17 0.69375 0.8578125 0.32265625 0.2796875
5 0.53515625 0.753125 0.15859375 0.14375
13 0.80859375 0.75 0.16875 0.171875
11 0.83125 0.6765625 0.25859375 0.15625
3 0.67265625 0.7078125 0.05234375 0.0265625
4 0.44765625 0.6375 0.08984375 0.0796875
13 0.55234375 0.6609375 0.0375 0.04375
10 0.50234375 0.6546875 0.01640625 0.025
10 0.39765625 0.6515625 0.0125 0.0203125
5 0.525 0.6421875 0.03359375 0.0234375
5 0.61015625 0.6390625 0.03984375 0.0234375
17 0.02578125 0.74765625 0.0515625 0.1359375
11 0.17890625 0.6671875 0.16875 0.1125