3 0.4890625 0.43125 0.0640625 0.1046875
3 0.31640625 0.371875 0.01640625 0.03125
13 0.128125 0.3875 0.06640625 0.0640625
5 0.64140625 0.3984375 0.16953125 0.05
5 0.8 0.4328125 0.203125 0.06875
13 0.8 0.390625 0.053125 0.01875
5 0.55859375 0.384375 0.09140625 0.0390625
4 0.73046875 0.365625 0.16640625 0.0515625
4 0.84453125 0.3671875 0.05546875 0.0328125
4 0.9 0.384375 0.06953125 0.0671875
4 0.95 0.4125 0.09140625 0.1359375
4 0.621875 0.359375 0.0609375 0.028125
4 0.4890625 0.359375 0.05859375 0.0265625
11 0.0375 0.4125 0.075 0.059375
13 0.05 0.36875 0.05 0.0359375
13 0.11953125 0.35 0.0140625 0.0078125
3 0.16640625 0.3578125 0.00859375 0.0171875