18 0.01640625 0.4796875 0.03046875 0.065625
18 0.05 0.4765625 0.046875 0.0515625
18 0.046875 0.440625 0.0890625 0.0546875
13 0.11953125 0.5109375 0.1140625 0.090625
13 0.271875 0.503125 0.10859375 0.096875
19 0.25859375 0.475 0.1 0.0546875
17 0.19453125 0.4625 0.025 0.0265625
4 0.603125 0.4546875 0.228125 0.0953125
9 0.7 0.5 0.225 0.096875
12 0.846875 0.453125 0.14453125 0.0375
5 0.796875 0.484375 0.05859375 0.0484375
10 0.9 0.51875 0.1 0.103125
10 0.971875 0.5421875 0.04453125 0.1125
13 0.90546875 0.4703125 0.075 0.034375