13 0.1375 0.44140625 0.0875 0.0875
18 0.3953125 0.43984375 0.165625 0.08125
2 0.5546875 0.45 0.05625 0.06015625
13 0.66875 0.46015625 0.0421875 0.05625
2 0.6859375 0.44609375 0.0328125 0.03359375
2 0.7171875 0.45625 0.0375 0.04375
13 0.7703125 0.4625 0.0328125 0.04765625
3 0.7453125 0.4625 0.0140625 0.03125
2 0.753125 0.45859375 0.015625 0.03515625
2 0.8953125 0.46484375 0.0234375 0.03359375
18 0.9171875 0.46015625 0.0234375 0.03515625
10 0.93125 0.47109375 0.0140625 0.02890625
2 0.975 0.46640625 0.0125 0.01640625