13 0.9625 0.55546875 0.0703125 0.50390625
13 0.65 0.39453125 0.09375 0.26484375
13 0.5671875 0.33828125 0.0484375 0.1421875
13 0.5265625 0.3078125 0.0296875 0.08359375
13 0.490625 0.31640625 0.0328125 0.0921875
13 0.759375 0.29921875 0.046875 0.08046875
5 0.81875 0.36875 0.21875 0.14453125
19 0.7109375 0.30234375 0.0453125 0.075
17 0.5453125 0.29921875 0.0203125 0.05546875
4 0.4953125 0.26640625 0.0390625 0.06953125
8 0.4046875 0.31328125 0.103125 0.18671875
8 0.43125 0.2546875 0.0828125 0.09765625
13 0.459375 0.33046875 0.0140625 0.12265625
4 0.75 0.2171875 0.1234375 0.09453125
13 0.3046875 0.31328125 0.04375 0.103125