15 0.778125 0.4640625 0.165625 0.14765625
13 0.3265625 0.4328125 0.0453125 0.08046875
13 0.5171875 0.446875 0.0421875 0.09765625
8 0.3875 0.39140625 0.009375 0.0140625
8 0.4109375 0.39140625 0.0140625 0.02265625
8 0.4390625 0.38828125 0.0203125 0.01953125
8 0.4515625 0.39140625 0.0109375 0.01953125
8 0.4765625 0.4078125 0.0375 0.078125
19 0.5171875 0.43046875 0.0484375 0.0890625
15 0.5453125 0.425 0.015625 0.0640625
13 0.4625 0.425 0.0203125 0.0609375
13 0.4015625 0.41328125 0.015625 0.01953125
13 0.428125 0.41328125 0.015625 0.02265625
10 0.446875 0.4359375 0.0140625 0.05859375
13 0.6625 0.4109375 0.0171875 0.028125
13 0.6890625 0.41640625 0.0171875 0.0390625
13 0.5921875 0.40546875 0.015625 0.02265625