4 0.6 0.421875 0.13125 0.1921875
10 0.7671875 0.5 0.0453125 0.11953125
13 0.465625 0.47734375 0.0375 0.11953125
13 0.4328125 0.4328125 0.0171875 0.028125
13 0.48125 0.446875 0.0125 0.0609375
15 0.7171875 0.446875 0.0625 0.05
5 0.5046875 0.46953125 0.028125 0.0390625
13 0.53125 0.4390625 0.0125 0.05
8 0.440625 0.4078125 0.0109375 0.01953125
8 0.45 0.4109375 0.0109375 0.0140625
8 0.465625 0.4109375 0.0203125 0.01640625
13 0.96875 0.49140625 0.0515625 0.09453125
13 0.3609375 0.45546875 0.0484375 0.09765625
8 0.41875 0.4078125 0.0109375 0.0109375