17 0.6875 0.30546875 0.1171875 0.26953125
17 0.8 0.11953125 0.1 0.20390625
17 0.91875 0.8546875 0.159375 0.28125
13 0.7046875 0.87578125 0.165625 0.24140625
13 0.6546875 0.775 0.146875 0.3375
19 0.659375 0.63125 0.1578125 0.13359375
13 0.3140625 0.35234375 0.11875 0.17578125
13 0.3140625 0.43203125 0.11875 0.18984375
13 0.3171875 0.56328125 0.128125 0.25546875
13 0.2890625 0.68515625 0.175 0.2765625
13 0.296875 0.76796875 0.1484375 0.25546875
13 0.275 0.878125 0.16875 0.15703125
13 0.0921875 0.73203125 0.1453125 0.2625
13 0.1734375 0.55859375 0.1015625 0.24140625
13 0.109375 0.678125 0.140625 0.31171875
13 0.2625 0.20859375 0.0734375 0.1734375
13 0.328125 0.3171875 0.09375 0.1921875
13 0.2 0.284375 0.1 0.2296875
13 0.259375 0.196875 0.0765625 0.178125
17 0.484375 0.11484375 0.0859375 0.1828125
13 0.5109375 0.1546875 0.0625 0.140625
13 0.5875 0.41328125 0.09375 0.225
13 0.8046875 0.49765625 0.11875 0.2296875
13 0.8234375 0.6265625 0.1375 0.2484375
10 0.90625 0.55859375 0.04375 0.2671875
13 0.459375 0.36171875 0.1015625 0.15703125
13 0.41875 0.28203125 0.0859375 0.19921875
13 0.29375 0.07265625 0.0703125 0.140625
9 0.64375 0.16640625 0.16875 0.2390625
13 0.4796875 0.84765625 0.1703125 0.25546875
13 0.46875 0.6734375 0.1515625 0.1921875
13 0.478125 0.5796875 0.1375 0.16640625
13 0.771875 0.359375 0.1125 0.19453125