17 0.9203125 0.8890625 0.103125 0.21640625
17 0.9390625 0.728125 0.075 0.16640625
17 0.9796875 0.65 0.0375 0.15546875
17 0.9625 0.6 0.053125 0.09453125
5 0.6734375 0.9109375 0.134375 0.171875
11 0.540625 0.83359375 0.128125 0.303125
4 0.740625 0.69140625 0.1453125 0.296875
4 0.878125 0.521875 0.128125 0.275
9 0.6546875 0.60859375 0.08125 0.18359375
4 0.053125 0.703125 0.10625 0.38359375
4 0.971875 0.4609375 0.053125 0.178125
5 0.1546875 0.8640625 0.1125 0.175
5 0.2390625 0.8 0.103125 0.15859375
5 0.33125 0.703125 0.096875 0.1640625
5 0.278125 0.5890625 0.0875 0.11953125
9 0.371875 0.628125 0.078125 0.171875
17 0.2890625 0.471875 0.046875 0.11640625
4 0.215625 0.503125 0.10625 0.24453125
4 0.4515625 0.5390625 0.1 0.23046875
5 0.3734375 0.50546875 0.0625 0.0859375
5 0.578125 0.45546875 0.0625 0.1
4 0.4640625 0.321875 0.10625 0.1390625
4 0.4328125 0.35859375 0.075 0.125
4 0.35625 0.44453125 0.0890625 0.171875
4 0.728125 0.4390625 0.1078125 0.1640625
7 0.69375 0.5109375 0.084375 0.09453125