4 0.42421875 0.49375 0.17734375 0.1359375
4 0.46015625 0.375 0.1234375 0.0359375
4 0.5140625 0.2671875 0.1140625 0.053125
4 0.6203125 0.4640625 0.1328125 0.0765625
4 0.228125 0.75 0.2359375 0.103125
4 0.5859375 0.6484375 0.225 0.06875
4 0.46640625 0.8609375 0.06796875 0.265625
4 0.2203125 0.8984375 0.41171875 0.2
10 0.2953125 0.5125 0.04609375 0.046875
10 0.32578125 0.565625 0.021875 0.075
4 0.68359375 0.8984375 0.37890625 0.190625
10 0.58203125 0.5609375 0.05078125 0.084375
4 0.65703125 0.3671875 0.1265625 0.034375
4 0.5953125 0.3234375 0.1375 0.0328125
4 0.56171875 0.3546875 0.04609375 0.084375
4 0.81015625 0.259375 0.0875 0.046875
4 0.8046875 0.3234375 0.1078125 0.065625
5 0.803125 0.671875 0.14765625 0.053125
11 0.4015625 0.64375 0.0921875 0.1265625
7 0.703125 0.5296875 0.07109375 0.0375
9 0.7109375 0.590625 0.1203125 0.046875
5 0.775 0.5890625 0.10625 0.08125
5 0.84140625 0.55 0.1140625 0.0765625
5 0.83828125 0.740625 0.1171875 0.0765625
5 0.8921875 0.8421875 0.1171875 0.1234375
5 0.94140625 0.95625 0.1078125 0.08125
5 0.7625 0.403125 0.05234375 0.0515625
5 0.246875 0.45625 0.06796875 0.0640625
3 0.03359375 0.534375 0.03359375 0.0328125
9 0.96953125 0.7765625 0.05390625 0.1921875
15 0.94921875 0.621875 0.09375 0.128125
9 0.95390625 0.528125 0.0875 0.0609375
15 0.82578125 0.4921875 0.1 0.0640625
5 0.7578125 0.48125 0.03046875 0.0703125
9 0.96328125 0.4640625 0.06796875 0.0609375
9 0.95390625 0.44375 0.0859375 0.0921875
9 0.90625 0.3609375 0.06484375 0.0625
5 0.7265625 0.3515625 0.05234375 0.046875
4 0.96484375 0.3546875 0.03359375 0.0859375
11 0.7125 0.315625 0.05078125 0.0328125
4 0.9 0.253125 0.07890625 0.0328125
9 0.9109375 0.284375 0.05546875 0.0265625
5 0.92890625 0.309375 0.04140625 0.021875
11 0.96484375 0.296875 0.03359375 0.0359375
4 0.603125 0.190625 0.05078125 0.03125
4 0.56796875 0.240625 0.06015625 0.0296875
4 0.6046875 0.234375 0.07421875 0.046875
4 0.67109375 0.240625 0.06484375 0.053125
4 0.634375 0.2953125 0.0984375 0.05
4 0.796875 0.2046875 0.04609375 0.0140625
11 0.7859375 0.221875 0.03671875 0.0203125
15 0.94609375 0.2140625 0.05234375 0.0296875
9 0.7296875 0.1828125 0.01875 0.01875
11 0.9828125 0.2109375 0.02890625 0.0421875
4 0.91953125 0.1921875 0.03359375 0.021875
4 0.8875 0.1890625 0.02890625 0.03125
4 0.68828125 0.16875 0.02890625 0.01875
4 0.66953125 0.1953125 0.03046875 0.03125
5 0.7203125 0.1953125 0.0171875 0.0140625
15 0.7265625 0.2328125 0.03515625 0.0125
4 0.63984375 0.196875 0.03046875 0.0296875
4 0.6328125 0.1765625 0.03046875 0.0125