5 0.26875 0.92734375 0.134375 0.13828125
4 0.2453125 0.7484375 0.1359375 0.21328125
4 0.103125 0.7390625 0.1515625 0.25078125
4 0.02578125 0.8171875 0.0515625 0.225
4 0.2 0.53515625 0.0796875 0.09140625
4 0.1828125 0.6078125 0.0953125 0.05390625
4 0.2921875 0.65234375 0.121875 0.18046875
9 0.4390625 0.878125 0.1140625 0.1828125
9 0.40625 0.71796875 0.09375 0.0703125
5 0.5734375 0.89453125 0.1203125 0.140625
5 0.5421875 0.82421875 0.0859375 0.1265625
5 0.525 0.7703125 0.078125 0.0984375
9 0.4015625 0.75390625 0.071875 0.0890625
5 0.775 0.77265625 0.0875 0.084375
5 0.91875 0.9359375 0.15 0.11953125
5 0.8765625 0.73671875 0.096875 0.07734375
5 0.9359375 0.77265625 0.0953125 0.07265625
5 0.975 0.85703125 0.0453125 0.15703125
5 0.8265625 0.66640625 0.046875 0.07265625
4 0.9546875 0.55625 0.0859375 0.1265625
4 0.8640625 0.52109375 0.0984375 0.1078125
4 0.7890625 0.453125 0.103125 0.10546875
4 0.63125 0.4390625 0.096875 0.09375
5 0.5015625 0.67109375 0.06875 0.04453125
4 0.346875 0.4390625 0.059375 0.0515625
11 0.5734375 0.4671875 0.075 0.13359375
11 0.6890625 0.54921875 0.0703125 0.09609375
19 0.7546875 0.50703125 0.0578125 0.065625
9 0.309375 0.52109375 0.0515625 0.046875
5 0.390625 0.54921875 0.0484375 0.0515625
4 0.259375 0.3921875 0.0515625 0.06328125
4 0.240625 0.50703125 0.0671875 0.14296875
4 0.39375 0.41328125 0.0609375 0.06328125
15 0.475 0.60078125 0.0625 0.08203125
5 0.49375 0.6359375 0.0609375 0.05859375
5 0.44375 0.5375 0.0453125 0.05625
5 0.3625 0.359375 0.01875 0.0234375
5 0.384375 0.35703125 0.01875 0.0234375
4 0.334375 0.40859375 0.0515625 0.0515625
4 0.30625 0.471875 0.065625 0.06328125
5 0.403125 0.61484375 0.053125 0.0234375
5 0.4078125 0.640625 0.0703125 0.028125
5 0.4 0.66640625 0.071875 0.03515625
5 0.9765625 0.81484375 0.04375 0.07734375
11 0.9015625 0.66640625 0.109375 0.15703125
4 0.74375 0.38984375 0.0828125 0.05390625
5 0.59375 0.5515625 0.0453125 0.0421875
5 0.7609375 0.59140625 0.0515625 0.0234375
9 0.7484375 0.5515625 0.0328125 0.05625
4 0.665625 0.434375 0.0390625 0.065625
11 0.521875 0.44609375 0.0328125 0.06328125
4 0.4734375 0.35 0.028125 0.0328125
5 0.525 0.40859375 0.025 0.02109375
5 0.5 0.396875 0.01875 0.0234375
4 0.3125 0.36640625 0.0375 0.01875
4 0.2953125 0.4109375 0.015625 0.03984375
4 0.5578125 0.38046875 0.0296875 0.03984375
4 0.525 0.3546875 0.0296875 0.046875