13 0.03515625 0.80234375 0.0703125 0.17890625
13 0.0171875 0.6484375 0.034375 0.10625
13 0.1125 0.65078125 0.0734375 0.0984375
13 0.2 0.6390625 0.0703125 0.0984375
13 0.24375 0.59140625 0.05 0.08203125
13 0.2140625 0.575 0.0171875 0.05625
13 0.703125 0.6484375 0.0359375 0.14609375
13 0.75859375 0.9140625 0.0765625 0.1625
13 0.853125 0.828125 0.0765625 0.21875
13 0.7703125 0.73515625 0.0609375 0.13203125
13 0.83125 0.70234375 0.0609375 0.11796875
13 0.7953125 0.6390625 0.040625 0.0890625
13 0.75625 0.67421875 0.05625 0.10859375
3 0.7109375 0.8609375 0.034375 0.16953125
12 0.584375 0.61328125 0.0765625 0.1953125
10 0.4359375 0.58671875 0.034375 0.06328125
5 0.4984375 0.6015625 0.0703125 0.10859375
5 0.44375 0.690625 0.0671875 0.1578125
11 0.3328125 0.8140625 0.1796875 0.36484375
4 0.59609375 0.88828125 0.1890625 0.2140625
4 0.628125 0.784375 0.134375 0.42109375
5 0.7140625 0.57734375 0.05625 0.09140625
5 0.0171875 0.94609375 0.03125 0.08203125
5 0.221875 0.6953125 0.115625 0.1203125
13 0.0125 0.584375 0.025 0.046875
13 0.0078125 0.5515625 0.015625 0.028125
13 0.0140625 0.52109375 0.0234375 0.04921875
13 0.0890625 0.52109375 0.025 0.03046875
13 0.1140625 0.51875 0.021875 0.0328125
13 0.13125 0.509375 0.0234375 0.0375
13 0.09375 0.48359375 0.021875 0.02109375
13 0.1578125 0.48359375 0.0234375 0.01875
13 0.1796875 0.471875 0.0203125 0.0234375
13 0.2015625 0.4671875 0.0234375 0.0328125
13 0.2234375 0.45078125 0.021875 0.0234375
13 0.125 0.47890625 0.01875 0.0234375
15 0.2015625 0.50703125 0.0921875 0.046875
7 0.1140625 0.57734375 0.1265625 0.075
7 0.19375 0.54453125 0.10625 0.0890625
17 0.3484375 0.49765625 0.0375 0.06328125
7 0.3734375 0.4484375 0.04375 0.04453125
9 0.371875 0.54453125 0.071875 0.0984375
15 0.2421875 0.48828125 0.0484375 0.0609375
5 0.3203125 0.4578125 0.05 0.046875
13 0.1953125 0.43671875 0.0171875 0.0234375
13 0.21875 0.43203125 0.015625 0.0140625
13 0.2375 0.425 0.01875 0.0234375
13 0.2484375 0.44375 0.0203125 0.0234375
13 0.2890625 0.43671875 0.015625 0.0234375
13 0.271875 0.4296875 0.0109375 0.0234375
13 0.2953125 0.41796875 0.021875 0.028125
13 0.33125 0.415625 0.01875 0.0328125
13 0.3484375 0.4109375 0.0125 0.0234375
13 0.321875 0.40859375 0.0171875 0.0375
13 0.165625 0.46015625 0.015625 0.0234375
10 0.3125 0.41328125 0.009375 0.028125
1 0.428125 0.47421875 0.0546875 0.05390625
10 0.4625 0.4390625 0.015625 0.03984375
13 0.4140625 0.42734375 0.021875 0.0375
13 0.44375 0.41328125 0.015625 0.0375
13 0.4734375 0.39609375 0.015625 0.028125
5 0.3671875 0.42265625 0.0328125 0.01875
5 0.3953125 0.415625 0.03125 0.028125
5 0.421875 0.4015625 0.0265625 0.028125
5 0.4359375 0.39140625 0.021875 0.02578125
5 0.453125 0.384375 0.0296875 0.028125
13 0.3921875 0.3890625 0.0125 0.01875
13 0.40625 0.384375 0.0125 0.01875
11 0.4046875 0.36796875 0.015625 0.01875
13 0.4265625 0.37265625 0.0109375 0.0140625
13 0.471875 0.35625 0.0109375 0.01640625
13 0.4890625 0.34921875 0.009375 0.01640625
17 0.49375 0.42265625 0.025 0.0328125
5 0.5125 0.39609375 0.034375 0.028125
5 0.5015625 0.3609375 0.015625 0.01875
5 0.5546875 0.4296875 0.0296875 0.0421875
5 0.5625 0.4109375 0.021875 0.028125
4 0.5953125 0.471875 0.059375 0.13671875
5 0.634375 0.46953125 0.028125 0.05859375
10 0.671875 0.48828125 0.015625 0.05625
5 0.6546875 0.44375 0.028125 0.0421875
5 0.625 0.425 0.0234375 0.0328125
5 0.6515625 0.4203125 0.021875 0.028125
5 0.6421875 0.4109375 0.025 0.0328125
13 0.7890625 0.5796875 0.0359375 0.0703125
13 0.7828125 0.53515625 0.0375 0.07734375
3 0.975 0.8609375 0.034375 0.1203125
3 0.959375 0.8 0.078125 0.0890625
13 0.8578125 0.61328125 0.040625 0.075
13 0.846875 0.57734375 0.0375 0.08203125
13 0.90625 0.58203125 0.05 0.08671875
13 0.95625 0.5609375 0.040625 0.0796875
13 0.9890625 0.5515625 0.0171875 0.07734375
13 0.7609375 0.4953125 0.040625 0.06328125
13 0.7328125 0.46015625 0.0265625 0.0234375
13 0.803125 0.4765625 0.021875 0.0328125
5 0.8484375 0.51875 0.109375 0.0609375
12 0.9484375 0.4953125 0.1 0.0890625
13 0.984375 0.45546875 0.021875 0.02578125
17 0.89375 0.4859375 0.015625 0.0515625
17 0.721875 0.5046875 0.05625 0.065625
13 0.6859375 0.434375 0.01875 0.0328125
5 0.74375 0.4578125 0.04375 0.0421875
5 0.725 0.434375 0.028125 0.028125
5 0.7140625 0.41796875 0.028125 0.02578125
13 0.6890625 0.415625 0.0140625 0.01875
13 0.6734375 0.40859375 0.0125 0.03046875
17 0.6453125 0.384375 0.0125 0.0140625
17 0.63125 0.38671875 0.0125 0.0140625
7 0.6296875 0.36796875 0.015625 0.01171875
4 0.578125 0.37734375 0.025 0.0375
5 0.63125 0.34453125 0.0109375 0.01875
7 0.6484375 0.33984375 0.0125 0.01875
5 0.615625 0.34921875 0.0078125 0.01640625
4 0.64375 0.32109375 0.0125 0.0140625
4 0.6265625 0.31875 0.0140625 0.0140625
5 0.6703125 0.35625 0.015625 0.01640625
5 0.6125 0.38203125 0.0171875 0.01875
5 0.56875 0.33515625 0.0125 0.01640625
5 0.5515625 0.328125 0.0125 0.0140625
13 0.3796875 0.39140625 0.0125 0.02578125
5 0.4609375 0.42734375 0.0375 0.0375