4 0.5390625 0.30625 0.0765625 0.12890625
4 0.7125 0.34765625 0.06875 0.10234375
17 0.040625 0.71015625 0.0734375 0.125
17 0.4078125 0.45234375 0.0765625 0.0875
9 0.040625 0.8625 0.0765625 0.19609375
15 0.1 0.93359375 0.15 0.11875
15 0.2046875 0.85859375 0.2125 0.07265625
15 0.2421875 0.81875 0.2140625 0.10625
5 0.33125 0.6625 0.209375 0.15390625
5 0.3796875 0.59765625 0.146875 0.09609375
9 0.51875 0.71484375 0.1578125 0.18125
15 0.68125 0.50859375 0.0859375 0.11484375
4 0.503125 0.4875 0.096875 0.13984375
9 0.5984375 0.64609375 0.2078125 0.10234375
9 0.584375 0.72890625 0.0625 0.13515625
9 0.8078125 0.51640625 0.0765625 0.11484375
9 0.8328125 0.48125 0.075 0.07890625
17 0.475 0.375 0.0515625 0.04609375
5 0.0453125 0.45859375 0.0859375 0.05859375
15 0.1578125 0.41875 0.153125 0.09375
5 0.7875 0.425 0.0640625 0.07265625
0 0.8703125 0.41875 0.0625 0.0875
15 0.79375 0.36484375 0.065625 0.06875
17 0.8390625 0.33984375 0.0390625 0.06015625
5 0.8859375 0.37265625 0.0734375 0.05625
9 0.90625 0.32890625 0.0625 0.08125
17 0.9375 0.29765625 0.0265625 0.05859375
5 0.9609375 0.28515625 0.0328125 0.04375
17 0.85 0.30625 0.0296875 0.025
17 0.834375 0.29140625 0.0359375 0.02890625
17 0.8375 0.26875 0.0234375 0.01484375
4 0.71875 0.33125 0.0796875 0.13125
4 0.725 0.25859375 0.0515625 0.01640625
4 0.740625 0.24375 0.06875 0.03125
11 0.8875 0.28359375 0.0515625 0.04375
9 0.9234375 0.25 0.03125 0.03359375
11 0.7875 0.31015625 0.040625 0.04140625
4 0.946875 0.18515625 0.103125 0.0375
4 0.8109375 0.17265625 0.1234375 0.05
4 0.9515625 0.16015625 0.090625 0.01015625
4 0.696875 0.19609375 0.090625 0.03515625
4 0.7765625 0.21484375 0.0546875 0.02890625
4 0.7375 0.21640625 0.053125 0.01640625
4 0.7921875 0.23359375 0.034375 0.05390625
15 0.8390625 0.24375 0.028125 0.03125
5 0.878125 0.23984375 0.0296875 0.025
9 0.95 0.19140625 0.025 0.02109375
5 0.9765625 0.24765625 0.0265625 0.02265625
4 0.5890625 0.28359375 0.1578125 0.15234375
10 0.6078125 0.50859375 0.0375 0.05
5 0.246875 0.39609375 0.0515625 0.04765625
5 0.3359375 0.36640625 0.09375 0.04609375
9 0.446875 0.31484375 0.0890625 0.03984375
11 0.3734375 0.33515625 0.1 0.05
11 0.9375 0.23359375 0.0265625 0.02890625
13 0.85 0.22890625 0.0125 0.02109375
5 0.7 0.17265625 0.028125 0.01015625