5 0.04296875 0.29765625 0.0859375 0.06328125
5 0.1140625 0.29609375 0.0640625 0.046875
5 0.1921875 0.26796875 0.053125 0.03046875
11 0.1140625 0.26796875 0.084375 0.05625
5 0.2125 0.29140625 0.0828125 0.04921875
11 0.3453125 0.27734375 0.071875 0.06796875
17 0.4078125 0.2890625 0.04375 0.03984375
11 0.453125 0.27734375 0.0515625 0.0515625
5 0.484375 0.2890625 0.0609375 0.0375
5 0.546875 0.2890625 0.05625 0.0328125
17 0.5671875 0.27265625 0.0265625 0.01171875
17 0.596875 0.27265625 0.0234375 0.0140625
5 0.615625 0.28671875 0.0515625 0.028125
14 0.6515625 0.28671875 0.0125 0.02578125
5 0.66875 0.284375 0.0296875 0.02578125
14 0.69375 0.284375 0.0140625 0.0234375
9 0.646875 0.2703125 0.0359375 0.02109375
17 0.70625 0.2796875 0.0140625 0.028125
17 0.71875 0.27734375 0.0171875 0.028125
17 0.7390625 0.2796875 0.0171875 0.02578125
17 0.75625 0.2796875 0.01875 0.028125
9 0.703125 0.26328125 0.034375 0.0140625
4 0.796875 0.2703125 0.040625 0.03515625
4 0.846875 0.265625 0.025 0.01875
5 0.734375 0.25625 0.015625 0.00703125
5 0.39375 0.45078125 0.05 0.02578125
10 0.44375 0.43203125 0.0140625 0.01875
5 0.4234375 0.46953125 0.046875 0.0234375
10 0.5390625 0.43203125 0.0125 0.0234375
10 0.546875 0.4109375 0.0109375 0.01875
17 0.565625 0.43203125 0.01875 0.02109375
5 0.5609375 0.45546875 0.0375 0.03046875
5 0.596875 0.41328125 0.015625 0.02109375
17 0.6875 0.39921875 0.0140625 0.01640625
5 0.66875 0.4109375 0.0109375 0.01875
17 0.6859375 0.3875 0.0140625 0.01875
4 0.690625 0.3640625 0.0328125 0.03515625
10 0.71875 0.34296875 0.009375 0.01640625
15 0.8015625 0.33359375 0.0109375 0.02578125
4 0.1375 0.7484375 0.1859375 0.159375
4 0.33125 0.60078125 0.16875 0.16171875
10 0.11875 0.95546875 0.05625 0.07734375
5 0.203125 0.92265625 0.14375 0.140625
10 0.2984375 0.95546875 0.034375 0.04921875
17 0.309375 0.8265625 0.0671875 0.09140625
5 0.409375 0.86640625 0.0921875 0.11953125
5 0.3796875 0.7703125 0.0875 0.1078125
4 0.440625 0.89453125 0.25625 0.19921875
5 0.5375 0.78203125 0.065625 0.075
5 0.453125 0.696875 0.0765625 0.04921875
9 0.471875 0.7609375 0.0828125 0.11015625
17 0.5421875 0.67578125 0.040625 0.065625
17 0.5546875 0.725 0.0453125 0.0609375
5 0.5421875 0.62890625 0.0546875 0.05859375
5 0.61875 0.86640625 0.0671875 0.13125
5 0.5953125 0.6734375 0.059375 0.05859375
5 0.6109375 0.7390625 0.0640625 0.09609375
5 0.5796875 0.59375 0.053125 0.0515625
17 0.64375 0.640625 0.0328125 0.0609375
11 0.6234375 0.59375 0.059375 0.10546875
17 0.7890625 0.63828125 0.0171875 0.046875
17 0.6734375 0.509375 0.0203125 0.02109375
4 0.7109375 0.6921875 0.134375 0.22734375
4 0.715625 0.584375 0.103125 0.14296875
11 0.684375 0.5515625 0.0578125 0.08671875
7 0.7234375 0.490625 0.0359375 0.03984375
7 0.7921875 0.4578125 0.0265625 0.03046875
7 0.8921875 0.43203125 0.0109375 0.03046875
7 0.7828125 0.55859375 0.03125 0.0609375
4 0.81875 0.56796875 0.0828125 0.13125
4 0.8359375 0.46484375 0.028125 0.065625
5 0.75 0.48359375 0.0234375 0.0328125
17 0.8046875 0.4765625 0.0140625 0.02578125
17 0.8125 0.49296875 0.01875 0.02109375
17 0.7640625 0.4671875 0.0171875 0.0234375
5 0.6578125 0.5421875 0.0265625 0.03984375
18 0.7671875 0.43671875 0.0515625 0.05859375
18 0.8703125 0.434375 0.03125 0.0609375
5 0.80625 0.51875 0.0265625 0.03046875
17 0.815625 0.41328125 0.0125 0.0234375
4 0.790625 0.39921875 0.046875 0.05625
4 0.8953125 0.359375 0.01875 0.0421875
5 0.8609375 0.38515625 0.0109375 0.01875
9 0.8390625 0.40390625 0.0203125 0.02578125
5 0.91875 0.35234375 0.009375 0.01640625
5 0.8609375 0.36171875 0.0171875 0.01640625
15 0.8953125 0.40625 0.01875 0.02109375
5 0.9046875 0.33359375 0.009375 0.01171875
5 0.8796875 0.34765625 0.0125 0.01640625
4 0.8703125 0.2609375 0.0203125 0.01875
5 0.7640625 0.25625 0.0171875 0.009375