10 0.01171875 0.94453125 0.0234375 0.06796875
5 0.0984375 0.9578125 0.096875 0.0703125
5 0.5015625 0.88046875 0.0515625 0.0703125
5 0.540625 0.9578125 0.0625 0.0703125
5 0.575 0.853125 0.040625 0.065625
5 0.628125 0.72421875 0.0109375 0.01875
5 0.5921875 0.74296875 0.015625 0.02109375
5 0.578125 0.75234375 0.0125 0.0234375
5 0.60625 0.7265625 0.0125 0.01640625
5 0.6140625 0.71484375 0.0109375 0.0140625
5 0.6 0.71953125 0.0109375 0.01640625
15 0.5796875 0.73125 0.0140625 0.01640625
17 0.596875 0.80390625 0.0171875 0.03984375
17 0.61875 0.834375 0.025 0.046875
17 0.6 0.759375 0.0171875 0.02578125
17 0.6265625 0.7546875 0.015625 0.02578125
13 0.784375 0.9671875 0.0328125 0.05390625
13 0.7046875 0.88046875 0.0265625 0.075
13 0.721875 0.8578125 0.021875 0.05625
13 0.7140625 0.8296875 0.015625 0.01640625
5 0.7484375 0.92265625 0.059375 0.08671875
5 0.7125 0.8109375 0.03125 0.04453125
13 0.659375 0.71953125 0.009375 0.009375
13 0.6578125 0.73359375 0.009375 0.01640625
9 0.684375 0.7125 0.01875 0.01875
5 0.6328125 0.69375 0.00625 0.00703125
4 0.621875 0.6890625 0.009375 0.02109375
4 0.6484375 0.703125 0.009375 0.01875
17 0.5875 0.71953125 0.009375 0.0140625
17 0.5984375 0.70078125 0.0078125 0.01171875
5 0.6078125 0.7078125 0.009375 0.009375
4 0.5609375 0.77578125 0.0390625 0.0703125