13 0.84375 0.634375 0.31015625 0.24375
5 0.325 0.6359375 0.38984375 0.1828125
5 0.56015625 0.559375 0.25 0.078125
10 0.02890625 0.5859375 0.04375 0.053125
13 0.20390625 0.5359375 0.06875 0.05
13 0.10390625 0.5421875 0.05234375 0.0640625
13 0.62890625 0.534375 0.10234375 0.065625
13 0.70859375 0.5421875 0.05234375 0.09375
13 0.15859375 0.5453125 0.03984375 0.078125
5 0.04375 0.55625 0.0875 0.0625
4 0.02265625 0.5078125 0.0453125 0.0375
17 0.4875 0.5203125 0.08515625 0.021875
5 0.29765625 0.5375 0.09765625 0.025
13 0.38984375 0.5390625 0.08359375 0.0625
13 0.26484375 0.51875 0.03125 0.028125
13 0.33984375 0.515625 0.02890625 0.01875
13 0.82109375 0.5140625 0.05625 0.0375