17 0.0859375 0.396875 0.0359375 0.0609375
13 0.0765625 0.34375 0.0296875 0.0375
13 0.04375 0.31796875 0.0328125 0.04921875
13 0.1046875 0.203125 0.0296875 0.046875
13 0.1171875 0.184375 0.0296875 0.046875
5 0.078125 0.97890625 0.059375 0.02578125
10 0.040625 0.69609375 0.05 0.04453125
15 0.1078125 0.121875 0.05 0.05390625
4 0.01484375 0.015625 0.0296875 0.03046875
4 0.05546875 0.015625 0.0453125 0.03046875
4 0.12109375 0.03671875 0.0890625 0.07265625
4 0.171875 0.11484375 0.0921875 0.09609375
4 0.1875 0.0890625 0.078125 0.09140625
4 0.26875 0.12578125 0.096875 0.1359375
4 0.3859375 0.19375 0.1296875 0.11953125
10 0.371875 0.24765625 0.0234375 0.0328125
11 0.3328125 0.22421875 0.059375 0.05625
11 0.253125 0.20546875 0.0734375 0.065625
11 0.19375 0.184375 0.053125 0.0609375
17 0.4625 0.1796875 0.0296875 0.028125
13 0.471875 0.2078125 0.0359375 0.0375
18 0.525 0.18671875 0.065625 0.04453125
17 0.634375 0.2359375 0.0296875 0.04921875
4 0.6234375 0.1890625 0.1046875 0.09609375
13 0.696875 0.0796875 0.015625 0.0328125
17 0.7359375 0.10078125 0.021875 0.03515625
4 0.7546875 0.0515625 0.053125 0.0796875
5 0.7609375 0.0140625 0.0234375 0.0234375
4 0.5453125 0.2546875 0.125 0.0796875
13 0.571875 0.30390625 0.034375 0.04453125
5 0.4390625 0.31796875 0.0515625 0.03515625
13 0.4203125 0.353125 0.0375 0.03515625
13 0.4640625 0.35078125 0.0421875 0.04453125
13 0.453125 0.4015625 0.034375 0.05625
13 0.409375 0.39453125 0.021875 0.0375
13 0.3890625 0.396875 0.0203125 0.04453125
13 0.38125 0.43203125 0.025 0.05859375
13 0.409375 0.4296875 0.0234375 0.04453125
10 0.153125 0.5984375 0.0453125 0.046875
10 0.203125 0.57734375 0.0203125 0.0609375
10 0.2546875 0.80390625 0.0421875 0.0515625
10 0.35 0.80625 0.04375 0.0421875
13 0.2125 0.78046875 0.05 0.0984375
3 0.2296875 0.7078125 0.0234375 0.05859375
5 0.1328125 0.3578125 0.0484375 0.07265625
13 0.175 0.3390625 0.040625 0.04921875
10 0.215625 0.325 0.01875 0.0375
10 0.15 0.41328125 0.0265625 0.0375
5 0.3015625 0.26640625 0.0609375 0.0609375
4 0.3171875 0.4671875 0.1265625 0.18515625
13 0.41875 0.47890625 0.03125 0.05859375
10 0.446875 0.47890625 0.0203125 0.03984375
17 0.4875 0.45078125 0.04375 0.06796875
13 0.478125 0.51875 0.0421875 0.06328125
10 0.50625 0.325 0.03125 0.0421875
15 0.528125 0.434375 0.075 0.08671875
5 0.4484375 0.584375 0.0796875 0.09609375
15 0.3703125 0.64921875 0.0703125 0.1078125
13 0.4640625 0.66328125 0.0453125 0.07265625
5 0.3046875 0.72421875 0.0609375 0.14296875
13 0.3015625 0.84140625 0.0625 0.06328125
13 0.3390625 0.88046875 0.0421875 0.0890625
13 0.3828125 0.86484375 0.0484375 0.0796875
13 0.3609375 0.9625 0.0640625 0.05859375
13 0.4234375 0.91796875 0.05 0.08671875
13 0.453125 0.81796875 0.0546875 0.08671875
13 0.5140625 0.8625 0.059375 0.07734375
13 0.4734375 0.9625 0.059375 0.0609375
13 0.5875 0.915625 0.0578125 0.08671875
13 0.6203125 0.96953125 0.0609375 0.046875
4 0.6015625 0.8390625 0.2 0.27734375
17 0.5765625 0.7125 0.053125 0.06796875
5 0.5953125 0.6609375 0.0875 0.10078125
5 0.534375 0.528125 0.0796875 0.09140625
13 0.5234375 0.56796875 0.0484375 0.065625
10 0.5390625 0.6328125 0.025 0.05859375
17 0.60625 0.58203125 0.0484375 0.07734375
11 0.6171875 0.53515625 0.0984375 0.12421875
4 0.825 0.8671875 0.253125 0.2515625
13 0.6921875 0.67734375 0.0484375 0.0609375
5 0.8140625 0.71015625 0.0921875 0.11015625
5 0.8453125 0.67734375 0.0984375 0.11953125
13 0.8828125 0.8015625 0.0515625 0.07734375
4 0.7734375 0.31796875 0.0984375 0.15703125
4 0.8625 0.1796875 0.075 0.15
4 0.7453125 0.184375 0.0671875 0.1359375
4 0.6765625 0.278125 0.096875 0.15703125
11 0.721875 0.32265625 0.05625 0.08671875
4 0.8015625 0.19609375 0.0671875 0.10546875
4 0.9171875 0.103125 0.046875 0.103125
4 0.8171875 0.06796875 0.0609375 0.0984375
4 0.8890625 0.0375 0.05 0.075