4 0.0890625 0.7484375 0.178125 0.45546875
5 0.49375 0.9484375 0.15625 0.08984375
5 0.290625 0.8734375 0.1390625 0.19140625
5 0.4796875 0.7984375 0.121875 0.1625
5 0.2 0.66171875 0.0578125 0.14375
5 0.4953125 0.67109375 0.1015625 0.125
11 0.275 0.70390625 0.1 0.171875
11 0.3046875 0.64296875 0.096875 0.1296875
11 0.1984375 0.55390625 0.0734375 0.11328125
5 0.3734375 0.58984375 0.0828125 0.09921875
17 0.4796875 0.57578125 0.0671875 0.0875
4 0.346875 0.4671875 0.1046875 0.1625
9 0.484375 0.5375 0.078125 0.115625
5 0.471875 0.509375 0.0671875 0.08515625
11 0.2359375 0.47890625 0.0703125 0.096875
5 0.471875 0.4578125 0.0609375 0.0328125
11 0.2546875 0.43125 0.0625 0.08515625
17 0.2140625 0.40078125 0.028125 0.0828125
5 0.209375 0.3171875 0.034375 0.04453125
4 0.2828125 0.37109375 0.1078125 0.1578125
19 0.3765625 0.3796875 0.0671875 0.115625
5 0.45625 0.44375 0.05625 0.06640625
15 0.4609375 0.403125 0.0625 0.0640625
4 0.365625 0.3125 0.0640625 0.03984375
5 0.4578125 0.359375 0.0484375 0.02578125
4 0.296875 0.2796875 0.065625 0.028125
11 0.453125 0.26796875 0.05 0.06875
4 0.375 0.19453125 0.0375 0.04921875
4 0.409375 0.1875 0.034375 0.03984375
9 0.38125 0.2390625 0.028125 0.02109375
4 0.340625 0.225 0.040625 0.03984375
11 0.859375 0.928125 0.1875 0.1296875
9 0.803125 0.77734375 0.1453125 0.2078125
5 0.9078125 0.775 0.1390625 0.19375
5 0.965625 0.74375 0.0640625 0.16015625
5 0.7265625 0.6921875 0.1046875 0.14609375
11 0.834375 0.63359375 0.1296875 0.1109375
5 0.93125 0.640625 0.10625 0.09921875
5 0.96875 0.5609375 0.059375 0.115625
5 0.6796875 0.5921875 0.0890625 0.0828125
15 0.784375 0.55390625 0.090625 0.1109375
5 0.890625 0.58046875 0.0890625 0.06875
9 0.6578125 0.52109375 0.0921875 0.11328125
5 0.7328125 0.52578125 0.0671875 0.09453125
5 0.8546875 0.53984375 0.084375 0.0734375
5 0.8609375 0.50234375 0.084375 0.078125
9 0.715625 0.4578125 0.071875 0.07578125
15 0.81875 0.453125 0.0734375 0.0734375
15 0.6953125 0.4125 0.05 0.08046875
9 0.7953125 0.42421875 0.059375 0.0921875
5 0.7546875 0.3984375 0.034375 0.07109375
19 0.6171875 0.42890625 0.04375 0.06640625
5 0.628125 0.47421875 0.05625 0.0421875
5 0.5859375 0.40078125 0.04375 0.05625
5 0.6578125 0.40546875 0.034375 0.0640625
4 0.65625 0.33828125 0.078125 0.115625
4 0.571875 0.321875 0.0703125 0.09453125
4 0.5671875 0.20625 0.0375 0.06640625