4 0.6859375 0.79765625 0.1640625 0.39375
5 0.45625 0.925 0.1234375 0.14609375
5 0.8421875 0.83125 0.1578125 0.1875
3 0.8796875 0.78984375 0.0328125 0.06875
3 0.7921875 0.70234375 0.034375 0.06015625
3 0.746875 0.66875 0.0203125 0.0625
14 0.7375 0.72265625 0.0203125 0.05390625
3 0.728125 0.67734375 0.03125 0.05234375
10 0.7203125 0.62109375 0.0328125 0.04375
11 0.4734375 0.77734375 0.08125 0.1375
20 0.5640625 0.76015625 0.0484375 0.10625
9 0.540625 0.64609375 0.059375 0.12890625
9 0.4828125 0.56484375 0.053125 0.09140625
4 0.6203125 0.57890625 0.1046875 0.18984375
17 0.5359375 0.56875 0.0328125 0.02890625
5 0.6640625 0.53125 0.0421875 0.05390625
1 0.5421875 0.51875 0.0390625 0.08359375
17 0.50625 0.51015625 0.025 0.04375
9 0.5046875 0.475 0.0296875 0.04140625
5 0.64375 0.48515625 0.0359375 0.03984375
5 0.553125 0.46875 0.028125 0.025
9 0.609375 0.4625 0.040625 0.04609375
5 0.5875 0.45859375 0.0234375 0.03125
5 0.678125 0.47109375 0.0390625 0.0375
5 0.7125 0.45 0.034375 0.03125
11 0.521875 0.45 0.0296875 0.05
19 0.5546875 0.44140625 0.0234375 0.03125
4 0.65625 0.42109375 0.075 0.0625
4 0.5921875 0.41640625 0.0375 0.05625
9 0.5359375 0.42109375 0.0203125 0.025
4 0.575 0.38984375 0.0265625 0.02734375
5 0.528125 0.41484375 0.015625 0.01640625
4 0.540625 0.33125 0.009375 0.01015625
4 0.615625 0.38359375 0.0390625 0.0125
4 0.51875 0.34765625 0.0140625 0.01875
5 0.1515625 0.92890625 0.2015625 0.13984375
5 0.1234375 0.825 0.165625 0.15625
19 0.1515625 0.69140625 0.1390625 0.13515625
5 0.3234375 0.69375 0.0859375 0.1
5 0.296875 0.62734375 0.0875 0.075
5 0.253125 0.60390625 0.0875 0.06875
5 0.384375 0.58515625 0.0578125 0.05625
5 0.3640625 0.55234375 0.05625 0.04609375
5 0.315625 0.54140625 0.0625 0.04609375
4 0.1046875 0.54765625 0.209375 0.16015625
19 0.3546875 0.49375 0.0515625 0.04765625
17 0.3015625 0.51640625 0.034375 0.04375
17 0.240625 0.56015625 0.0375 0.04765625
3 0.184375 0.59375 0.0234375 0.03359375
5 0.3796875 0.51484375 0.046875 0.0375
9 0.4359375 0.48984375 0.0359375 0.04609375
5 0.40625 0.48515625 0.034375 0.03125
19 0.41875 0.45390625 0.0359375 0.03125
5 0.459375 0.44765625 0.0234375 0.025
4 0.4203125 0.42265625 0.0484375 0.04375
4 0.3921875 0.4125 0.0390625 0.02734375
4 0.409375 0.39140625 0.025 0.01484375
17 0.4609375 0.425 0.015625 0.01640625
5 0.4515625 0.40859375 0.0125 0.01640625
5 0.4671875 0.41640625 0.015625 0.01640625
5 0.4765625 0.4 0.0140625 0.0125
9 0.471875 0.38984375 0.0125 0.01875
5 0.4640625 0.38125 0.009375 0.01015625
10 0.4484375 0.38984375 0.003125 0.00625
5 0.43125 0.37734375 0.0140625 0.0125