9 0.2640625 0.7984375 0.23359375 0.1375
13 0.07890625 0.7140625 0.1015625 0.059375
13 0.06640625 0.771875 0.08671875 0.0734375
5 0.221875 0.640625 0.10546875 0.0484375
10 0.33671875 0.709375 0.0578125 0.0328125
13 0.41328125 0.6390625 0.05390625 0.046875
13 0.2828125 0.646875 0.05 0.0453125
9 0.334375 0.590625 0.1203125 0.0359375
11 0.26796875 0.60625 0.140625 0.040625
9 0.55 0.6171875 0.0828125 0.0484375
13 0.44609375 0.5921875 0.03125 0.034375
13 0.48125 0.5875 0.02890625 0.034375
5 0.44609375 0.5625 0.08046875 0.021875
10 0.13046875 0.6296875 0.0390625 0.0265625
5 0.6390625 0.5765625 0.05 0.028125
5 0.59765625 0.5640625 0.05 0.0234375
5 0.66953125 0.5484375 0.0375 0.0203125
13 0.6453125 0.5265625 0.01484375 0.01875
10 0.76796875 0.5171875 0.00625 0.0109375
5 0.8015625 0.50625 0.01640625 0.009375
5 0.77421875 0.5046875 0.01640625 0.009375
9 0.91953125 0.540625 0.0703125 0.0140625
9 0.95859375 0.5609375 0.0765625 0.015625
4 0.815625 0.59375 0.0765625 0.084375
10 0.79296875 0.8359375 0.0390625 0.0703125
13 0.83046875 0.5390625 0.01640625 0.01875
3 0.80546875 0.5453125 0.00625 0.009375
5 0.89453125 0.5703125 0.04765625 0.0265625
17 0.871875 0.590625 0.03125 0.0375