13 0.175 0.64453125 0.23125 0.3
13 0.05 0.5421875 0.05625 0.07578125
13 0.55 0.5375 0.0375 0.0875
5 0.828125 0.5828125 0.090625 0.0921875
16 0.6765625 0.55234375 0.0890625 0.078125
16 0.7671875 0.55703125 0.0515625 0.07578125
9 0.7921875 0.53046875 0.1015625 0.08046875
15 0.9734375 0.62265625 0.0484375 0.15390625
5 0.45625 0.5375 0.0703125 0.04765625
5 0.4171875 0.53046875 0.040625 0.0328125
4 0.675 0.49765625 0.0640625 0.0234375
13 0.2453125 0.5234375 0.0390625 0.03984375
13 0.1765625 0.52109375 0.0234375 0.0375