4 0.1828125 0.87421875 0.1390625 0.2109375
4 0.359375 0.84140625 0.1171875 0.1921875
17 0.378125 0.9578125 0.06875 0.05859375
17 0.4171875 0.93203125 0.065625 0.1125
17 0.4703125 0.86015625 0.05 0.10546875
15 0.540625 0.84140625 0.0703125 0.1125
4 0.3078125 0.7640625 0.0859375 0.15234375
4 0.5140625 0.69375 0.059375 0.121875
1 0.440625 0.796875 0.053125 0.11953125
5 0.5234375 0.76875 0.0515625 0.065625
4 0.4078125 0.70078125 0.0734375 0.075
5 0.4578125 0.70546875 0.028125 0.04921875
5 0.4640625 0.67734375 0.0328125 0.03984375
4 0.315625 0.69609375 0.1078125 0.0890625
4 0.3390625 0.64921875 0.075 0.03046875
4 0.340625 0.6328125 0.0515625 0.02109375
4 0.365625 0.6328125 0.0453125 0.05625
4 0.4 0.5984375 0.0421875 0.046875
4 0.421875 0.60546875 0.0390625 0.03515625
5 0.4671875 0.65625 0.03125 0.01875
18 0.465625 0.62578125 0.034375 0.04921875
5 0.9734375 0.915625 0.05 0.06796875
5 0.9046875 0.95546875 0.0984375 0.07734375
5 0.809375 0.971875 0.10625 0.04453125
5 0.846875 0.871875 0.0859375 0.09140625
9 0.7765625 0.90859375 0.103125 0.159375
19 0.9046875 0.82265625 0.0953125 0.1453125
15 0.7703125 0.7875 0.084375 0.09140625
15 0.8265625 0.778125 0.0703125 0.103125
5 0.7859375 0.703125 0.0390625 0.046875
17 0.84375 0.73828125 0.0359375 0.0421875
5 0.8484375 0.73359375 0.0609375 0.03984375
15 0.75 0.73828125 0.0625 0.075
5 0.7140625 0.86484375 0.071875 0.1125
5 0.690625 0.81796875 0.0734375 0.08203125
5 0.659375 0.76875 0.0578125 0.075
9 0.6453125 0.721875 0.0546875 0.07265625
17 0.7484375 0.6890625 0.03125 0.028125
17 0.715625 0.68203125 0.021875 0.05390625
9 0.665625 0.6796875 0.0421875 0.06328125
5 0.6140625 0.7125 0.028125 0.05859375
5 0.609375 0.69140625 0.0375 0.046875
5 0.5796875 0.6515625 0.01875 0.03984375
5 0.640625 0.63046875 0.03125 0.03046875
17 0.6015625 0.5890625 0.0140625 0.02578125
5 0.625 0.61484375 0.025 0.02578125
15 0.56875 0.61953125 0.0234375 0.0328125
9 0.565625 0.5890625 0.0203125 0.02578125
4 0.6328125 0.58671875 0.0234375 0.04921875
17 0.6078125 0.58203125 0.0125 0.0234375
4 0.66875 0.59140625 0.03125 0.05625
4 0.70625 0.62578125 0.0484375 0.0703125
4 0.6890625 0.61015625 0.0390625 0.0609375
4 0.4203125 0.57265625 0.03125 0.01875
4 0.4828125 0.5515625 0.01875 0.01875
4 0.453125 0.546875 0.025 0.04921875
9 0.521875 0.58671875 0.021875 0.01875
5 0.490625 0.62578125 0.0125 0.03046875
1 0.5125 0.6171875 0.028125 0.03515625
17 0.40625 0.62578125 0.021875 0.00703125
17 0.403125 0.64921875 0.025 0.0140625
17 0.4390625 0.65390625 0.0203125 0.01875
4 0.5125 0.5234375 0.0125 0.01875
19 0.59375 0.5515625 0.015625 0.01875
19 0.56875 0.546875 0.0109375 0.02109375
5 0.575 0.57734375 0.0140625 0.01875
9 0.590625 0.575 0.0109375 0.01875
17 0.6015625 0.59140625 0.0125 0.02578125
17 0.6078125 0.584375 0.0125 0.0234375
4 0.5859375 0.5421875 0.01875 0.028125
4 0.565625 0.52578125 0.015625 0.02109375
4 0.48125 0.5140625 0.0140625 0.01171875
5 0.453125 0.58203125 0.0125 0.00703125
4 0.459375 0.51171875 0.0203125 0.01171875
9 0.4859375 0.60078125 0.01875 0.01171875
15 0.50625 0.57265625 0.0203125 0.01171875
18 0.5546875 0.5046875 0.0078125 0.0140625