11 0.61875 0.80625 0.109375 0.20078125
9 0.5484375 0.62578125 0.0609375 0.10625
17 0.6375 0.671875 0.0515625 0.1203125
5 0.553125 0.4859375 0.0296875 0.07578125
10 0.64375 0.5640625 0.025 0.08359375
10 0.6046875 0.471875 0.0125 0.0421875
10 0.5796875 0.396875 0.009375 0.0390625
14 0.5984375 0.43828125 0.0140625 0.0359375
10 0.60625 0.4109375 0.0109375 0.0421875
17 0.603125 0.36171875 0.0125 0.03046875
19 0.7140625 0.58359375 0.0390625 0.0390625
17 0.7359375 0.55859375 0.021875 0.0390625
17 0.6796875 0.525 0.0140625 0.0359375
15 0.4265625 0.93828125 0.0921875 0.10625
17 0.428125 0.803125 0.05625 0.159375
17 0.3 0.93828125 0.0625 0.10625
17 0.178125 0.946875 0.0765625 0.08671875
17 0.346875 0.553125 0.034375 0.053125
17 0.4015625 0.5359375 0.0296875 0.05
11 0.209375 0.828125 0.1015625 0.19296875
17 0.24375 0.7140625 0.05625 0.0953125
5 0.325 0.84765625 0.078125 0.15078125
5 0.3328125 0.72734375 0.06875 0.11484375
5 0.4171875 0.721875 0.059375 0.134375
5 0.359375 0.63515625 0.0578125 0.09765625
9 0.4234375 0.6171875 0.05625 0.09765625
15 0.4578125 0.5140625 0.0484375 0.07265625
5 0.3140625 0.60625 0.0640625 0.08125
5 0.2765625 0.68046875 0.0671875 0.09765625
17 0.3765625 0.56171875 0.034375 0.053125
19 0.446875 0.4609375 0.034375 0.0421875
5 0.4203125 0.5109375 0.028125 0.0421875
5 0.4984375 0.44375 0.028125 0.04453125
10 0.5765625 0.353125 0.003125 0.01640625
17 0.78125 0.52265625 0.0140625 0.028125
17 0.7640625 0.5109375 0.0140625 0.025