17 0.7484375 0.790625 0.165625 0.1875
17 0.65859375 0.60625 0.0828125 0.0875
17 0.43828125 0.6 0.0828125 0.0734375
17 0.24609375 0.9015625 0.221875 0.19375
5 0.3625 0.696875 0.17734375 0.134375
4 0.6109375 0.5078125 0.11796875 0.10625
5 0.11484375 0.82578125 0.2296875 0.2328125
9 0.22421875 0.6171875 0.14453125 0.115625
9 0.5328125 0.6171875 0.12265625 0.128125
19 0.48359375 0.81875 0.24140625 0.3125
5 0.36015625 0.5875 0.10625 0.075
11 0.48125 0.5015625 0.078125 0.0703125
5 0.37734375 0.528125 0.08984375 0.053125
5 0.053125 0.60703125 0.10625 0.0734375
10 0.01640625 0.55 0.0328125 0.0453125
17 0.0375 0.5015625 0.05234375 0.034375
5 0.175 0.5140625 0.05703125 0.034375
9 0.25078125 0.4875 0.05 0.0390625
17 0.53984375 0.490625 0.0328125 0.0421875
4 0.47890625 0.4375 0.0375 0.0359375
5 0.3703125 0.478125 0.04765625 0.03125
10 0.20078125 0.475 0.02578125 0.0265625