10 0.49140625 0.79375 0.04375 0.090625
10 0.49609375 0.6140625 0.02890625 0.0375
10 0.1578125 0.7171875 0.04765625 0.0703125
5 0.2796875 0.8171875 0.16015625 0.1359375
19 0.4359375 0.628125 0.0640625 0.065625
10 0.74765625 0.6625 0.0640625 0.028125
10 0.86875 0.7421875 0.05234375 0.059375
5 0.70390625 0.8671875 0.15390625 0.153125
5 0.84375 0.8171875 0.16015625 0.14375
5 0.65625 0.63125 0.04765625 0.05
15 0.3375 0.5921875 0.05390625 0.0375
15 0.27109375 0.59375 0.0640625 0.0375
15 0.2328125 0.659375 0.10625 0.075
15 0.45625 0.578125 0.04140625 0.03125
5 0.5703125 0.5890625 0.04140625 0.034375
4 0.053125 0.71640625 0.10625 0.1359375