17 0.484375 0.60078125 0.103125 0.1875
17 0.4609375 0.778125 0.1125 0.15625
17 0.653125 0.89921875 0.115625 0.184375
17 0.8953125 0.83671875 0.103125 0.0921875
17 0.715625 0.5921875 0.0796875 0.184375
17 0.9625 0.4578125 0.0703125 0.11171875
17 0.70625 0.9578125 0.125 0.0671875
17 0.5796875 0.4109375 0.0546875 0.04765625
17 0.578125 0.3671875 0.05 0.0390625
17 0.7484375 0.46640625 0.05 0.10625
17 0.8484375 0.46640625 0.046875 0.10859375
17 0.8125 0.6578125 0.0859375 0.10625
17 0.8375 0.61484375 0.0796875 0.103125
17 0.915625 0.57265625 0.075 0.17890625
10 0.9796875 0.8 0.0375 0.23203125
10 0.8796875 0.4640625 0.0265625 0.10625
4 0.821875 0.2890625 0.0875 0.16796875
15 0.315625 0.85859375 0.165625 0.265625
5 0.6546875 0.7140625 0.1359375 0.17890625
15 0.790625 0.82578125 0.1359375 0.2515625
5 0.4546875 0.91875 0.165625 0.14765625
5 0.51875 0.78046875 0.121875 0.234375
5 0.88125 0.74140625 0.1265625 0.15390625
5 0.5953125 0.63828125 0.121875 0.17890625
17 0.6765625 0.47734375 0.071875 0.07265625
4 0.7875 0.13515625 0.1234375 0.16796875
11 0.884375 0.3 0.046875 0.15078125
11 0.5015625 0.33359375 0.0765625 0.1734375
4 0.6640625 0.171875 0.065625 0.13125
11 0.71875 0.23046875 0.0828125 0.13671875
4 0.5359375 0.13828125 0.0828125 0.10078125
11 0.546875 0.24140625 0.08125 0.128125
17 0.553125 0.303125 0.0328125 0.103125
17 0.5421875 0.32578125 0.015625 0.0890625
5 0.609375 0.328125 0.0515625 0.10078125
17 0.7328125 0.35859375 0.0640625 0.0921875
17 0.1625 0.5 0.0546875 0.0890625
4 0.065625 0.31171875 0.096875 0.12265625
4 0.1328125 0.13515625 0.06875 0.16484375
4 0.0671875 0.16328125 0.0734375 0.10625
4 0.24375 0.21640625 0.0734375 0.08671875
17 0.5453125 0.46953125 0.059375 0.0640625
5 0.39375 0.56171875 0.0984375 0.134375
5 0.3734375 0.60859375 0.1171875 0.15390625
15 0.353125 0.66875 0.1328125 0.13671875
4 0.5546875 0.0390625 0.0546875 0.078125
4 0.6109375 0.16640625 0.0421875 0.12265625