4 0.7390625 0.934375 0.209375 0.11953125
4 0.9140625 0.76875 0.15 0.45078125
17 0.453125 0.96953125 0.1234375 0.046875
15 0.253125 0.92265625 0.203125 0.140625
5 0.3515625 0.8015625 0.1453125 0.12421875
5 0.721875 0.83203125 0.1453125 0.09140625
5 0.4046875 0.68671875 0.1 0.075
4 0.546875 0.7640625 0.2296875 0.36640625
17 0.7015625 0.67734375 0.071875 0.0515625
17 0.725 0.75234375 0.0765625 0.09140625
15 0.725 0.6171875 0.090625 0.07734375
4 0.834375 0.628125 0.0765625 0.3265625
4 0.8671875 0.45078125 0.0796875 0.04453125
4 0.84375 0.37421875 0.0703125 0.11015625
4 0.8 0.38046875 0.0125 0.103125
4 0.834375 0.2546875 0.0375 0.03984375
4 0.815625 0.278125 0.034375 0.01171875
4 0.81875 0.28984375 0.0390625 0.009375
4 0.821875 0.3015625 0.0453125 0.01640625
4 0.7609375 0.33203125 0.0390625 0.0796875
4 0.771875 0.25703125 0.034375 0.04453125
4 0.80625 0.21015625 0.0125 0.01640625
4 0.2265625 0.3828125 0.121875 0.08203125
4 0.4421875 0.3015625 0.0421875 0.046875
4 0.475 0.28984375 0.0203125 0.0328125
4 0.509375 0.2640625 0.040625 0.028125
4 0.5671875 0.2453125 0.0359375 0.02109375
4 0.63125 0.22421875 0.0265625 0.02578125
4 0.675 0.203125 0.0078125 0.009375
5 0.7765625 0.5375 0.0390625 0.08671875
5 0.765625 0.471875 0.0265625 0.04453125
5 0.7921875 0.30390625 0.00625 0.03984375
5 0.6046875 0.55390625 0.0703125 0.0421875
5 0.6453125 0.48125 0.0453125 0.01640625
5 0.678125 0.44375 0.046875 0.0140625
5 0.6875 0.42734375 0.040625 0.02109375
5 0.6953125 0.40390625 0.0390625 0.01640625
5 0.703125 0.38515625 0.034375 0.009375
5 0.7015625 0.36015625 0.0109375 0.03984375
5 0.7796875 0.221875 0.028125 0.0140625
5 0.4609375 0.61484375 0.0875 0.07265625
5 0.5828125 0.4953125 0.0421875 0.075
5 0.590625 0.44609375 0.0515625 0.02578125
5 0.63125 0.44375 0.0203125 0.05390625
5 0.65625 0.4015625 0.021875 0.05625
5 0.0515625 0.87578125 0.1 0.103125
5 0.2546875 0.66328125 0.0734375 0.11015625
5 0.06875 0.61484375 0.071875 0.03984375
5 0.0265625 0.57734375 0.0421875 0.03515625
5 0.05625 0.53984375 0.053125 0.05625
5 0.009375 0.53515625 0.01875 0.05625
5 0.071875 0.490625 0.05 0.0328125
5 0.240625 0.56796875 0.0234375 0.07734375
5 0.2859375 0.509375 0.065625 0.04453125
5 0.328125 0.54921875 0.0265625 0.03984375
5 0.2375 0.49296875 0.015625 0.05390625
5 0.30625 0.46015625 0.0265625 0.05625
5 0.325 0.4296875 0.01875 0.0375
5 0.3609375 0.44375 0.0484375 0.02109375
5 0.4515625 0.4484375 0.03125 0.028125
5 0.475 0.41796875 0.0296875 0.02109375
5 0.446875 0.41328125 0.0234375 0.0375
5 0.475 0.3828125 0.040625 0.0234375
5 0.4609375 0.3625 0.0265625 0.01171875
5 0.471875 0.35078125 0.0296875 0.01640625
5 0.45 0.334375 0.03125 0.01640625
5 0.5171875 0.34609375 0.028125 0.01640625
5 0.565625 0.34609375 0.0328125 0.0234375
5 0.478125 0.32734375 0.00625 0.01875
17 0.721875 0.48828125 0.028125 0.06328125
17 0.715625 0.53046875 0.05 0.02109375
17 0.68125 0.48828125 0.0203125 0.07265625
17 0.65 0.51640625 0.0484375 0.0421875
17 0.64375 0.3625 0.0296875 0.02109375
10 0.809375 0.2359375 0.00625 0.0140625
17 0.284375 0.57265625 0.0546875 0.05625
17 0.0984375 0.7125 0.065625 0.1125
17 0.028125 0.71015625 0.05625 0.14765625
17 0.2703125 0.45078125 0.0453125 0.03984375
17 0.3328125 0.40390625 0.0140625 0.0328125
17 0.425 0.3828125 0.0328125 0.01640625
17 0.43125 0.36953125 0.03125 0.009375
17 0.415625 0.34140625 0.0234375 0.01640625
17 0.659375 0.2640625 0.0140625 0.01640625
15 0.71875 0.31796875 0.0109375 0.03984375
15 0.61875 0.39453125 0.0515625 0.0375
15 0.3828125 0.35546875 0.0390625 0.028125
10 0.3546875 0.3671875 0.0140625 0.009375
15 0.5265625 0.37421875 0.0453125 0.0328125
11 0.7234375 0.55859375 0.06875 0.0328125
11 0.75625 0.4109375 0.0484375 0.0703125
11 0.728125 0.24765625 0.0296875 0.02109375
11 0.715625 0.26640625 0.025 0.009375
11 0.5421875 0.31328125 0.04375 0.0515625
11 0.5 0.32265625 0.0328125 0.0328125
11 0.6 0.24765625 0.0234375 0.0140625
11 0.625 0.2640625 0.0265625 0.02109375
11 0.1640625 0.4953125 0.1046875 0.0984375
11 0.196875 0.59140625 0.05 0.0796875
11 0.303125 0.3828125 0.0265625 0.0421875
11 0.5765625 0.2921875 0.0140625 0.03984375
11 0.6640625 0.2453125 0.0171875 0.01640625
11 0.6640625 0.325 0.0421875 0.04921875
19 0.5140625 0.53046875 0.0953125 0.09140625
5 0.696875 0.32734375 0.009375 0.0140625
9 0.6953125 0.3015625 0.01875 0.01640625
9 0.025 0.44375 0.05 0.08203125
5 0.1078125 0.56796875 0.053125 0.03984375
19 0.371875 0.4859375 0.0703125 0.05625
19 0.3765625 0.40390625 0.0640625 0.0609375
11 0.2171875 0.4484375 0.0125 0.0375