8 0.703125 0.75703125 0.353125 0.4296875
8 0.328125 0.64921875 0.3953125 0.33359375
8 0.221875 0.36484375 0.290625 0.31953125
17 0.2171875 0.9015625 0.153125 0.178125
17 0.05234375 0.81796875 0.1046875 0.13125
17 0.54375 0.971875 0.1140625 0.03984375
17 0.3765625 0.94609375 0.15 0.09140625
13 0.0484375 0.684375 0.0796875 0.16640625
5 0.128125 0.51640625 0.09375 0.09140625
13 0.0625 0.46953125 0.0515625 0.19453125
13 0.0171875 0.46953125 0.03125 0.14296875
13 0.9625 0.703125 0.0609375 0.08203125
13 0.934375 0.63984375 0.05625 0.0515625
13 0.775 0.53984375 0.0625 0.1078125
13 0.721875 0.49765625 0.0453125 0.14765625
17 0.68125 0.4578125 0.053125 0.1453125
17 0.6046875 0.4765625 0.1140625 0.065625
17 0.4765625 0.44140625 0.109375 0.0796875
17 0.565625 0.39921875 0.0953125 0.07265625
17 0.465625 0.25234375 0.0875 0.1125
17 0.6171875 0.24765625 0.0953125 0.1171875
17 0.384375 0.18203125 0.065625 0.05625
17 0.278125 0.07265625 0.0328125 0.06796875
17 0.115625 0.14921875 0.0578125 0.084375
17 0.046875 0.11953125 0.06875 0.08203125
17 0.04375 0.05390625 0.06875 0.0375
17 0.2359375 0.046875 0.034375 0.02109375
17 0.028125 0.0140625 0.0265625 0.028125
17 0.803125 0.1984375 0.0265625 0.04453125
17 0.8453125 0.15859375 0.0703125 0.04453125
17 0.8734375 0.41328125 0.0765625 0.09609375
13 0.0640625 0.01640625 0.028125 0.0328125
13 0.1296875 0.06328125 0.034375 0.0609375
13 0.1453125 0.02109375 0.0328125 0.03515625
13 0.2875 0.02109375 0.040625 0.0328125
13 0.2453125 0.09609375 0.0421875 0.05390625
13 0.265625 0.1421875 0.040625 0.04453125
13 0.26875 0.17734375 0.0234375 0.028125
13 0.1484375 0.0984375 0.015625 0.075
13 0.190625 0.0703125 0.034375 0.0515625
13 0.190625 0.14453125 0.021875 0.06328125
13 0.775 0.38984375 0.053125 0.1546875
13 0.459375 0.1171875 0.040625 0.05859375
13 0.4859375 0.165625 0.0390625 0.05625
13 0.3234375 0.21484375 0.0328125 0.084375
13 0.284375 0.259375 0.034375 0.04453125
13 0.365625 0.2453125 0.0421875 0.075
13 0.478125 0.34375 0.046875 0.0796875
13 0.528125 0.3296875 0.0296875 0.10078125
13 0.4078125 0.415625 0.0390625 0.0984375
10 0.8703125 0.64921875 0.0625 0.12890625
13 0.6125 0.35546875 0.0515625 0.07265625
4 0.0671875 0.92734375 0.134375 0.13125
16 0.975 0.21015625 0.0453125 0.15
15 0.709375 0.2828125 0.153125 0.1875
5 0.7765625 0.128125 0.15 0.1265625
5 0.8890625 0.046875 0.13125 0.09140625
9 0.8390625 0.2828125 0.15 0.14296875
13 0.0984375 0.18203125 0.0375 0.06796875
5 0.371875 0.121875 0.1171875 0.0796875
20 0.9234375 0.175 0.0640625 0.10078125