7 0.1296875 0.71640625 0.1390625 0.1578125
13 0.1 0.5984375 0.065625 0.075
13 0.159375 0.5515625 0.05 0.0796875
13 0.2953125 0.5234375 0.034375 0.07734375
13 0.328125 0.490625 0.028125 0.065625
13 0.2203125 0.4109375 0.0234375 0.03984375
13 0.4375 0.35859375 0.009375 0.01640625
13 0.421875 0.36796875 0.0140625 0.0234375
3 0.1828125 0.425 0.015625 0.0234375
13 0.234375 0.4625 0.0234375 0.0375
13 0.2234375 0.49765625 0.025 0.05625
13 0.2 0.50703125 0.028125 0.05859375
13 0.3984375 0.37734375 0.0234375 0.028125
15 0.5078125 0.60859375 0.0734375 0.12734375
16 0.6453125 0.64609375 0.0703125 0.125
5 0.634375 0.4390625 0.034375 0.0515625
3 0.5640625 0.42734375 0.0296875 0.028125
17 0.9078125 0.7375 0.08125 0.1625
4 0.790625 0.690625 0.15625 0.35078125
5 0.5734375 0.36328125 0.021875 0.02578125
11 0.625 0.346875 0.0171875 0.02578125
13 0.6265625 0.3234375 0.009375 0.0046875
4 0.6078125 0.31640625 0.0140625 0.02578125
15 0.596875 0.346875 0.0171875 0.02109375
15 0.5890625 0.33046875 0.015625 0.009375
17 0.5890625 0.3 0.00625 0.009375
17 0.6015625 0.2953125 0.0046875 0.00703125
4 0.546875 0.32109375 0.01875 0.0140625
4 0.559375 0.2953125 0.0109375 0.01640625
13 0.5171875 0.328125 0.00625 0.0140625
13 0.503125 0.3328125 0.009375 0.0140625
10 0.6359375 0.3421875 0.0046875 0.0140625