17 0.8828125 0.915625 0.1015625 0.15390625
17 0.096875 0.728125 0.084375 0.128125
17 0.196875 0.578125 0.04375 0.08125
17 0.221875 0.51484375 0.021875 0.0578125
17 0.3578125 0.540625 0.034375 0.07578125
17 0.3296875 0.5 0.025 0.0640625
17 0.3203125 0.45625 0.021875 0.02890625
17 0.3734375 0.453125 0.0265625 0.046875
17 0.4515625 0.44765625 0.0203125 0.04921875
17 0.434375 0.4359375 0.0125 0.04375
17 0.7578125 0.73984375 0.0515625 0.1484375
17 0.8171875 0.690625 0.040625 0.08125
17 0.7859375 0.621875 0.05 0.04375
17 0.6125 0.76875 0.034375 0.1015625
14 0.55 0.584375 0.021875 0.0609375
10 0.615625 0.45078125 0.0140625 0.03515625
13 0.6546875 0.40078125 0.015625 0.040625
4 0.603125 0.36796875 0.01875 0.04375
10 0.5921875 0.34765625 0.00625 0.0171875
13 0.8515625 0.78046875 0.0453125 0.11640625
13 0.80625 0.84765625 0.04375 0.19453125
5 0.7015625 0.49453125 0.0421875 0.0609375
17 0.5359375 0.34140625 0.009375 0.0171875
4 0.5171875 0.3703125 0.025 0.046875
13 0.49375 0.3734375 0.0109375 0.02890625
13 0.453125 0.40390625 0.015625 0.0375
4 0.40625 0.4125 0.04375 0.0640625
19 0.2546875 0.546875 0.0421875 0.08984375
13 0.153125 0.59609375 0.0390625 0.06953125
5 0.0796875 0.625 0.0953125 0.08125
10 0.9515625 0.7515625 0.04375 0.0875
10 0.9234375 0.7078125 0.0296875 0.078125
10 0.8515625 0.69921875 0.0265625 0.0578125
10 0.8078125 0.5609375 0.0125 0.05234375