4 0.7953125 0.759375 0.2171875 0.1359375
4 0.578125 0.803125 0.1671875 0.13359375
4 0.384375 0.83671875 0.2109375 0.13359375
4 0.034375 0.8296875 0.0671875 0.14375
11 0.0390625 0.69921875 0.075 0.1359375
19 0.046875 0.56796875 0.0703125 0.13125
9 0.1046875 0.4734375 0.0484375 0.121875
5 0.3359375 0.5921875 0.071875 0.0828125
19 0.2546875 0.50234375 0.075 0.1
4 0.409375 0.52421875 0.153125 0.1140625
4 0.5359375 0.465625 0.140625 0.0703125
4 0.6875 0.54140625 0.1671875 0.0875
7 0.0921875 0.3171875 0.0453125 0.0921875
11 0.1875 0.3515625 0.0421875 0.09765625
4 0.278125 0.4171875 0.1 0.17265625
4 0.1390625 0.21640625 0.0484375 0.1828125
4 0.1859375 0.22890625 0.0375 0.12421875
4 0.221875 0.14375 0.0375 0.12421875
4 0.26875 0.06328125 0.059375 0.05859375
4 0.253125 0.01796875 0.053125 0.0359375
4 0.3328125 0.13359375 0.1015625 0.1046875
4 0.4125 0.24609375 0.0828125 0.1265625
5 0.1640625 0.07578125 0.028125 0.05625
19 0.1359375 0.11171875 0.0296875 0.03671875
4 0.046875 0.06328125 0.09375 0.12421875
17 0.18125 0.0125 0.0234375 0.02421875
4 0.7 0.46875 0.1359375 0.0609375
4 0.5234375 0.3421875 0.125 0.16796875
4 0.6625 0.3859375 0.1484375 0.109375
4 0.86875 0.509375 0.1328125 0.09765625
4 0.93125 0.44140625 0.134375 0.065625
4 0.9546875 0.3953125 0.0859375 0.03671875
4 0.965625 0.521875 0.0640625 0.1
13 0.15625 0.3515625 0.03125 0.05078125
13 0.171875 0.48515625 0.034375 0.0484375
13 0.190625 0.04375 0.015625 0.04140625
13 0.2203125 0.05078125 0.0203125 0.04375
13 0.309375 0.0609375 0.015625 0.03671875
13 0.190625 0.14375 0.021875 0.034375
13 0.2390625 0.91015625 0.0484375 0.05078125
3 0.1 0.69453125 0.021875 0.05625
13 0.2125 0.94609375 0.0546875 0.078125
13 0.2578125 0.68515625 0.0359375 0.05078125
13 0.309375 0.67265625 0.04375 0.04375
13 0.2953125 0.63359375 0.0625 0.03671875
13 0.23125 0.58515625 0.034375 0.078125
13 0.2609375 0.6 0.0234375 0.04609375
13 0.2953125 0.5390625 0.028125 0.0265625
13 0.3109375 0.3609375 0.0234375 0.0703125
13 0.3328125 0.36875 0.01875 0.05859375
13 0.346875 0.3390625 0.0203125 0.0484375
13 0.265625 0.3125 0.028125 0.0609375
13 0.28125 0.27890625 0.025 0.05859375
13 0.3859375 0.6140625 0.03125 0.03125
13 0.3796875 0.5703125 0.03125 0.05625
13 0.365625 0.36640625 0.0171875 0.04140625
13 0.3875 0.38359375 0.01875 0.05078125
13 0.4125 0.390625 0.0234375 0.07265625
13 0.4359375 0.38046875 0.01875 0.05859375
13 0.4265625 0.3390625 0.0234375 0.01953125
13 0.5453125 0.90546875 0.05625 0.0609375
3 0.4984375 0.92421875 0.0359375 0.04375
13 0.41875 0.63359375 0.0328125 0.04375
13 0.4609375 0.6140625 0.0359375 0.04609375
13 0.509375 0.621875 0.0484375 0.05078125
13 0.4046875 0.44375 0.040625 0.034375
13 0.4328125 0.4515625 0.025 0.02890625
13 0.55625 0.6265625 0.0390625 0.0484375
13 0.53125 0.5875 0.0359375 0.03125
10 0.51875 0.534375 0.0328125 0.021875
13 0.5375 0.5609375 0.025 0.04140625
13 0.5765625 0.58515625 0.0359375 0.0390625
13 0.5609375 0.52890625 0.04375 0.03671875
13 0.6109375 0.60234375 0.040625 0.0390625
13 0.64375 0.60234375 0.0171875 0.0484375
13 0.671875 0.62890625 0.040625 0.0484375
13 0.7125 0.6390625 0.0359375 0.05390625
13 0.75625 0.63125 0.0453125 0.05390625
13 0.7828125 0.56796875 0.0171875 0.05390625
13 0.7984375 0.63125 0.0359375 0.05078125
13 0.7890625 0.5875 0.0203125 0.0265625
13 0.8390625 0.63125 0.0359375 0.0484375
13 0.95 0.62421875 0.0265625 0.0390625
13 0.984375 0.61640625 0.025 0.05390625
13 0.8234375 0.5828125 0.0296875 0.03125
13 0.7859375 0.49765625 0.025 0.05625
13 0.7765625 0.43671875 0.021875 0.05078125
13 0.940625 0.58046875 0.0203125 0.04375
13 0.9109375 0.60234375 0.0234375 0.0390625
13 0.8984375 0.56328125 0.0234375 0.034375
13 0.85625 0.5609375 0.0171875 0.02890625
17 0.875 0.59453125 0.0515625 0.04609375
13 0.6171875 0.45859375 0.01875 0.04375
13 0.796875 0.45859375 0.0125 0.03125