10 0.7078125 0.7140625 0.0359375 0.10625
17 0.6078125 0.44375 0.028125 0.06953125
17 0.575 0.5140625 0.0359375 0.0890625
17 0.525 0.578125 0.040625 0.10859375
17 0.478125 0.53046875 0.0421875 0.09765625
17 0.4171875 0.33359375 0.01875 0.028125
17 0.4140625 0.37265625 0.0109375 0.0421875
17 0.4296875 0.37578125 0.01875 0.0359375
5 0.5359375 0.4109375 0.0296875 0.04765625
5 0.346875 0.53359375 0.0671875 0.07578125
5 0.4203125 0.421875 0.0375 0.05
5 0.4671875 0.35859375 0.025 0.0359375
5 0.5578125 0.275 0.0109375 0.01953125
17 0.5125 0.29765625 0.0046875 0.01953125
11 0.475 0.29765625 0.0140625 0.03046875