4 0.878125 0.75 0.2359375 0.4890625
19 0.70625 0.6109375 0.1 0.2109375
10 0.6203125 0.7609375 0.04375 0.0890625
10 0.6859375 0.88359375 0.0359375 0.1390625
17 0.6703125 0.971875 0.0921875 0.046875
5 0.51875 0.94140625 0.1203125 0.10859375
5 0.309375 0.9609375 0.13125 0.071875
5 0.2828125 0.825 0.1296875 0.1859375
5 0.4171875 0.83046875 0.103125 0.23046875
5 0.3203125 0.68046875 0.1 0.11953125
5 0.0265625 0.653125 0.040625 0.11640625
5 0.15625 0.521875 0.0875 0.096875
5 0.0609375 0.4109375 0.075 0.0609375
5 0.1140625 0.4609375 0.03125 0.08046875
5 0.115625 0.36640625 0.0546875 0.0609375
5 0.065625 0.3640625 0.04375 0.04453125
5 0.43125 0.64140625 0.0921875 0.15859375
5 0.35 0.571875 0.075 0.09453125
5 0.371875 0.5 0.08125 0.05546875
5 0.3859375 0.44140625 0.0640625 0.05546875
5 0.3921875 0.396875 0.0578125 0.03359375
5 0.540625 0.59453125 0.075 0.05546875
5 0.625 0.39453125 0.0390625 0.05859375
5 0.6484375 0.34140625 0.034375 0.04453125
5 0.4625 0.378125 0.046875 0.0390625
16 0.475 0.3390625 0.0375 0.0359375
5 0.5875 0.2390625 0.0140625 0.04453125
5 0.6109375 0.25859375 0.025 0.025
5 0.6125 0.296875 0.034375 0.0390625
5 0.5796875 0.31640625 0.025 0.028125
5 0.35625 0.2890625 0.00625 0.053125
15 0.7125 0.4640625 0.0875 0.071875
15 0.69375 0.39453125 0.059375 0.071875
15 0.5359375 0.45 0.08125 0.053125
15 0.35625 0.21640625 0.025 0.03359375
4 0.5328125 0.23359375 0.0609375 0.078125
4 0.546875 0.175 0.0484375 0.03359375
4 0.5078125 0.153125 0.0375 0.04453125
4 0.4578125 0.196875 0.0375 0.046875
8 0.4359375 0.24453125 0.046875 0.05546875
4 0.2734375 0.2640625 0.075 0.1109375
4 0.1625 0.30546875 0.115625 0.11640625
4 0.56875 0.14453125 0.03125 0.025
4 0.5390625 0.14140625 0.025 0.03046875
15 0.125 0.68046875 0.1265625 0.1609375
10 0.0828125 0.56953125 0.0375 0.03359375
9 0.015625 0.50859375 0.025 0.128125
19 0.25 0.38046875 0.0609375 0.078125
19 0.23125 0.478125 0.0625 0.10546875
19 0.45625 0.4390625 0.05625 0.078125
19 0.409375 0.34140625 0.05625 0.06640625
5 0.490625 0.29453125 0.04375 0.0390625
15 0.5296875 0.3640625 0.059375 0.0609375
15 0.4328125 0.29453125 0.0359375 0.03359375
5 0.471875 0.25859375 0.0125 0.04140625
11 0.446875 0.521875 0.0703125 0.06953125
17 0.5828125 0.371875 0.03125 0.06953125
17 0.653125 0.3 0.0359375 0.03359375
4 0.584375 0.18046875 0.0234375 0.03359375
9 0.5515625 0.51640625 0.0765625 0.09140625
9 0.6234375 0.51640625 0.065625 0.175
7 0.5390625 0.75859375 0.09375 0.2640625
15 0.3296875 0.2390625 0.03125 0.0390625
15 0.540625 0.29453125 0.034375 0.021875