17 0.5640625 0.86484375 0.0796875 0.17890625
5 0.7953125 0.921875 0.109375 0.13671875
5 0.9578125 0.94375 0.0796875 0.0921875
5 0.95 0.85859375 0.0953125 0.12578125
9 0.803125 0.76953125 0.096875 0.1734375
17 0.9296875 0.778125 0.0734375 0.14765625
11 0.9109375 0.68046875 0.1 0.1734375
5 0.7421875 0.753125 0.0375 0.134375
4 0.5921875 0.65234375 0.146875 0.471875
11 0.6796875 0.70546875 0.0265625 0.159375
9 0.8234375 0.65234375 0.071875 0.09765625
9 0.759375 0.62578125 0.071875 0.1203125
17 0.8421875 0.58125 0.046875 0.05625
17 0.7921875 0.54765625 0.040625 0.053125
17 0.7515625 0.55 0.04375 0.03359375
17 0.7140625 0.56171875 0.028125 0.10625
11 0.6828125 0.58359375 0.028125 0.10078125
5 0.7546875 0.48359375 0.0453125 0.0640625
5 0.690625 0.46640625 0.04375 0.07578125
17 0.7265625 0.41640625 0.0296875 0.08125
17 0.7953125 0.3671875 0.034375 0.0671875
11 0.7546875 0.3671875 0.05625 0.13671875
11 0.6421875 0.39140625 0.046875 0.05
10 0.703125 0.38828125 0.015625 0.04453125
5 0.696875 0.353125 0.0390625 0.05859375
4 0.721875 0.3 0.046875 0.06953125
4 0.61875 0.35625 0.0578125 0.12265625
4 0.6953125 0.24140625 0.0359375 0.04453125
5 0.6703125 0.3421875 0.021875 0.05625
11 0.0765625 0.921875 0.153125 0.134375
12 0.1578125 0.83359375 0.1953125 0.30703125
5 0.2765625 0.80625 0.0609375 0.1453125
5 0.3671875 0.6859375 0.0828125 0.1203125
5 0.371875 0.60078125 0.0703125 0.0640625
15 0.253125 0.68828125 0.0921875 0.08125
5 0.2859375 0.66875 0.0578125 0.09765625
11 0.2796875 0.53046875 0.0640625 0.07578125
15 0.275 0.59765625 0.071875 0.06171875
5 0.3609375 0.578125 0.059375 0.0671875
5 0.0296875 0.79765625 0.059375 0.07265625
17 0.034375 0.7390625 0.0578125 0.08125
9 0.1484375 0.64375 0.08125 0.05625
5 0.02578125 0.6859375 0.0515625 0.0671875
5 0.071875 0.64375 0.071875 0.0640625
5 0.0203125 0.5890625 0.040625 0.07265625
5 0.0921875 0.59765625 0.0640625 0.028125
9 0.1796875 0.6171875 0.0734375 0.06953125
11 0.1765625 0.55859375 0.0609375 0.053125
5 0.225 0.57265625 0.0328125 0.08359375
5 0.334375 0.53359375 0.0453125 0.078125
5 0.6453125 0.225 0.0140625 0.028125
11 0.040625 0.5140625 0.0609375 0.12578125
17 0.0984375 0.5390625 0.046875 0.08359375
17 0.1796875 0.503125 0.040625 0.03046875
9 0.1234375 0.475 0.0640625 0.08125
15 0.1828125 0.4640625 0.0515625 0.05
4 0.1453125 0.3828125 0.1171875 0.0921875
17 0.290625 0.4328125 0.03125 0.03359375
4 0.3125 0.35859375 0.0640625 0.08125
4 0.375 0.27265625 0.0453125 0.06953125