19 0.1796875 0.46875 0.065625 0.07109375
10 0.165625 0.5171875 0.0203125 0.0421875
18 0.353125 0.375 0.0703125 0.0625
10 0.3640625 0.4125 0.0171875 0.02265625
18 0.125 0.94609375 0.25 0.0875
18 0.1234375 0.7703125 0.246875 0.3484375
18 0.303125 0.678125 0.1171875 0.24609375
18 0.4453125 0.65859375 0.1265625 0.23828125
18 0.4796875 0.50859375 0.1015625 0.14765625
18 0.45625 0.47421875 0.0921875 0.15859375
18 0.540625 0.47734375 0.059375 0.15859375
18 0.66875 0.40390625 0.0625 0.11640625
18 0.6015625 0.41484375 0.05 0.11875
18 0.546875 0.375 0.05625 0.0421875
18 0.709375 0.3921875 0.0234375 0.06796875
18 0.73125 0.3671875 0.0328125 0.0796875
18 0.7578125 0.35234375 0.025 0.07109375
18 0.784375 0.34140625 0.025 0.059375
18 0.83125 0.321875 0.034375 0.0625