5 0.8296875 0.8203125 0.11875 0.1734375
5 0.9453125 0.9671875 0.10625 0.046875
5 0.9734375 0.78984375 0.05 0.15
5 0.9453125 0.68671875 0.103125 0.1265625
19 0.921875 0.58671875 0.071875 0.10546875
9 0.7453125 0.55859375 0.0828125 0.13828125
17 0.95 0.53515625 0.0515625 0.10078125
5 0.678125 0.5 0.06875 0.084375
5 0.7859375 0.50234375 0.0625 0.0890625
4 0.8328125 0.415625 0.103125 0.1640625
5 0.725 0.425 0.0484375 0.07734375
19 0.9234375 0.34140625 0.071875 0.05625
4 0.778125 0.36953125 0.05 0.11953125
19 0.6953125 0.3875 0.0546875 0.07734375
9 0.625 0.38984375 0.0546875 0.08203125
5 0.65625 0.37578125 0.0234375 0.05859375
5 0.7421875 0.353125 0.0234375 0.046875
5 0.625 0.33671875 0.0390625 0.03515625
19 0.6828125 0.32734375 0.040625 0.046875
4 0.8078125 0.3015625 0.059375 0.0515625
10 0.71875 0.3109375 0.0125 0.03046875
4 0.803125 0.2359375 0.0484375 0.0375
4 0.71875 0.22890625 0.05 0.0421875
19 0.69375 0.278125 0.028125 0.0421875
4 0.6625 0.2453125 0.0390625 0.06328125
4 0.48125 0.2078125 0.0515625 0.046875
4 0.390625 0.2171875 0.0390625 0.046875
4 0.346875 0.221875 0.0546875 0.05625
4 0.446875 0.25234375 0.040625 0.0609375
4 0.315625 0.26875 0.05 0.04453125
19 0.421875 0.23125 0.0234375 0.028125
5 0.4921875 0.24765625 0.0140625 0.028125
19 0.528125 0.2453125 0.0234375 0.03046875
9 0.359375 0.27578125 0.0296875 0.028125
9 0.4125 0.27109375 0.0390625 0.02578125
11 0.384375 0.26171875 0.0234375 0.02578125
9 0.4609375 0.27109375 0.0296875 0.02578125
9 0.375 0.2875 0.03125 0.02578125
5 0.515625 0.26640625 0.0234375 0.01875
11 0.521875 0.29921875 0.0375 0.03515625
5 0.4953125 0.29921875 0.0125 0.02578125
4 0.23125 0.31328125 0.08125 0.05390625
4 0.2921875 0.296875 0.015625 0.05625
4 0.278125 0.32734375 0.01875 0.08671875
4 0.384375 0.34375 0.0703125 0.07265625
5 0.340625 0.36484375 0.0140625 0.03984375
5 0.4578125 0.38046875 0.040625 0.05390625
11 0.5125 0.36484375 0.0625 0.09140625
0 0.5265625 0.41328125 0.05625 0.0890625
9 0.4125 0.3875 0.0515625 0.04453125
19 0.3078125 0.42734375 0.0515625 0.075
5 0.321875 0.44375 0.059375 0.03984375
5 0.3671875 0.42265625 0.0484375 0.0609375
5 0.3171875 0.38515625 0.046875 0.0421875
15 0.4203125 0.42734375 0.0546875 0.05859375
5 0.390625 0.46953125 0.053125 0.06328125
4 0.1578125 0.3671875 0.0328125 0.06328125
4 0.228125 0.37578125 0.109375 0.0796875
4 0.225 0.4671875 0.0984375 0.12421875
15 0.328125 0.5234375 0.0765625 0.0890625
5 0.3203125 0.46484375 0.0625 0.04453125
15 0.296875 0.57265625 0.090625 0.09609375
4 0.1078125 0.4203125 0.1140625 0.08203125
4 0.13125 0.49765625 0.121875 0.11015625
4 0.16875 0.63046875 0.1328125 0.24140625
17 0.3953125 0.55625 0.05625 0.07265625
17 0.4203125 0.53984375 0.0515625 0.075
9 0.4265625 0.5234375 0.071875 0.09609375
5 0.4953125 0.4484375 0.0546875 0.0609375
5 0.50625 0.4765625 0.05625 0.06796875
5 0.53125 0.48828125 0.0625 0.0375
5 0.521875 0.5140625 0.0671875 0.0421875
15 0.515625 0.59375 0.0875 0.10546875
5 0.4109375 0.5984375 0.08125 0.05390625
5 0.278125 0.62421875 0.084375 0.09375
5 0.3359375 0.6703125 0.0515625 0.09375
5 0.465625 0.66328125 0.0859375 0.09609375
9 0.3828125 0.71484375 0.1015625 0.1546875
11 0.509375 0.75 0.11875 0.19921875
5 0.5828125 0.721875 0.0265625 0.12890625
5 0.5578125 0.878125 0.128125 0.15703125
5 0.5890625 0.94609375 0.14375 0.09375
5 0.38125 0.9203125 0.1328125 0.1359375
15 0.2109375 0.75703125 0.1140625 0.15
11 0.28125 0.8203125 0.1296875 0.2296875
17 0.0375 0.48125 0.0625 0.0375
5 0.0390625 0.5234375 0.0625 0.0421875
5 0.03125 0.56328125 0.0625 0.04921875
15 0.015625 0.6078125 0.03125 0.0890625
17 0.0609375 0.6421875 0.0640625 0.1171875
5 0.02421875 0.70859375 0.0484375 0.11015625
5 0.0078125 0.78984375 0.015625 0.12890625
5 0.10625 0.88046875 0.1140625 0.13828125
17 0.0546875 0.925 0.0984375 0.1359375
5 0.2640625 0.971875 0.134375 0.0421875