5 0.8546875 0.865625 0.27421875 0.2625
5 0.12109375 0.8640625 0.2421875 0.2625
5 0.09609375 0.634375 0.1921875 0.1796875
5 0.23359375 0.6109375 0.13984375 0.159375
13 0.80859375 0.5640625 0.1109375 0.1265625
13 0.72890625 0.525 0.0546875 0.1015625
5 0.21015625 0.4859375 0.12578125 0.0953125
9 0.6390625 0.6109375 0.11953125 0.2046875
5 0.3046875 0.484375 0.0546875 0.0875
17 0.6234375 0.4890625 0.07109375 0.046875
9 0.67890625 0.4265625 0.0796875 0.08125
4 0.37890625 0.64375 0.240625 0.434375
7 0.5375 0.46875 0.05625 0.103125
15 0.57734375 0.3859375 0.06484375 0.0578125
9 0.3046875 0.39375 0.0671875 0.0578125
15 0.37109375 0.4046875 0.0625 0.0421875
13 0.525 0.3953125 0.03359375 0.0359375
13 0.47890625 0.4171875 0.03359375 0.01875
19 0.64765625 0.3625 0.0625 0.0421875
10 0.41875 0.3984375 0.02109375 0.03125
9 0.47109375 0.384375 0.04609375 0.0421875
13 0.50625 0.359375 0.02109375 0.040625
5 0.5625 0.34375 0.05 0.025
15 0.36328125 0.3609375 0.0359375 0.0359375
5 0.48984375 0.328125 0.04375 0.0234375
5 0.41875 0.35625 0.05234375 0.0375
5 0.3734375 0.33125 0.04375 0.021875
11 0.43125 0.3265625 0.0421875 0.021875
17 0.4015625 0.3046875 0.03125 0.0203125
5 0.6265625 0.33125 0.04609375 0.0171875
5 0.60859375 0.309375 0.0421875 0.0203125
19 0.4140625 0.2859375 0.0375 0.015625
5 0.4453125 0.3078125 0.03125 0.015625
7 0.49765625 0.2890625 0.03359375 0.028125
9 0.5421875 0.3171875 0.0359375 0.025
5 0.46640625 0.284375 0.03125 0.01875
4 0.1046875 0.36875 0.20078125 0.0796875
5 0.05625 0.3171875 0.075 0.0234375
17 0.0625 0.4609375 0.07734375 0.0484375
5 0.5734375 0.284375 0.025 0.0203125