13 0.9625 0.80859375 0.0703125 0.20625
13 0.8703125 0.9625 0.0984375 0.07109375
13 0.765625 0.89609375 0.090625 0.20234375
13 0.8265625 0.76640625 0.0703125 0.0875
13 0.75 0.72734375 0.0796875 0.13359375
10 0.8234375 0.68359375 0.046875 0.08515625
10 0.7578125 0.54140625 0.03125 0.075
13 0.7140625 0.52109375 0.046875 0.14765625
13 0.953125 0.62734375 0.0859375 0.08125
13 0.9703125 0.44765625 0.0546875 0.10390625
3 0.9109375 0.44765625 0.05625 0.05859375
13 0.8234375 0.44375 0.040625 0.06484375
13 0.753125 0.36640625 0.0359375 0.06875
13 0.6578125 0.25625 0.0203125 0.03359375
13 0.64375 0.22734375 0.0171875 0.01875
13 0.6140625 0.175 0.0140625 0.03359375
13 0.6359375 0.21015625 0.015625 0.01484375
13 0.6 0.175 0.0109375 0.02265625
13 0.5828125 0.14609375 0.009375 0.02109375
4 0.5859375 0.6875 0.2 0.61015625
5 0.375 0.88359375 0.16875 0.22734375
5 0.15 0.9375 0.203125 0.11484375
17 0.2765625 0.75234375 0.14375 0.23984375
15 0.434375 0.59609375 0.125 0.22734375
17 0.315625 0.57890625 0.0859375 0.12265625
10 0.6703125 0.3625 0.0375 0.04140625
4 0.596875 0.31875 0.1015625 0.11640625
15 0.471875 0.42109375 0.0625 0.11484375
11 0.5234375 0.36875 0.028125 0.11015625
5 0.5015625 0.29609375 0.0421875 0.03125
9 0.5078125 0.25 0.0359375 0.05390625
4 0.56875 0.22734375 0.053125 0.06875
4 0.5578125 0.17734375 0.0359375 0.03125
4 0.5546875 0.14765625 0.0390625 0.02265625
4 0.515625 0.17109375 0.03125 0.06640625
4 0.38125 0.37890625 0.1078125 0.20859375
5 0.453125 0.31015625 0.015625 0.07265625
5 0.4625 0.26015625 0.0359375 0.02265625
4 0.4640625 0.20234375 0.0515625 0.08359375
5 0.4921875 0.15390625 0.015625 0.0125
5 0.3265625 0.29375 0.0546875 0.04609375
15 0.07109375 0.66015625 0.1421875 0.24140625
15 0.1828125 0.45859375 0.1203125 0.125