15 0.590625 0.68359375 0.1015625 0.21640625
17 0.6140625 0.54140625 0.046875 0.0640625
13 0.5640625 0.48359375 0.028125 0.0609375
13 0.5421875 0.4609375 0.0171875 0.053125
13 0.5421875 0.40859375 0.01875 0.021875
19 0.2953125 0.871875 0.1703125 0.25
4 0.04453125 0.9 0.0890625 0.19453125
4 0.4375 0.65546875 0.1296875 0.38359375
4 0.4890625 0.49453125 0.075 0.20859375
4 0.496875 0.346875 0.0375 0.0609375
4 0.4828125 0.303125 0.034375 0.028125
4 0.4390625 0.396875 0.059375 0.10546875
4 0.44375 0.33046875 0.0390625 0.03359375
4 0.4296875 0.2859375 0.0359375 0.046875
4 0.3984375 0.26953125 0.028125 0.03046875
4 0.3609375 0.33046875 0.0515625 0.03046875
4 0.3796875 0.40546875 0.0609375 0.053125
4 0.309375 0.5390625 0.1109375 0.21640625
4 0.3046875 0.3890625 0.1 0.0890625
4 0.1453125 0.73046875 0.225 0.4109375