5 0.2140625 0.5640625 0.0109375 0.01640625
5 0.2265625 0.55546875 0.0109375 0.0140625
5 0.2359375 0.56640625 0.009375 0.01953125
4 0.196875 0.54453125 0.0125 0.025
4 0.2828125 0.54140625 0.0171875 0.021875
5 0.3125 0.56640625 0.0171875 0.028125
5 0.328125 0.55546875 0.0125 0.01953125
5 0.3546875 0.5640625 0.021875 0.028125
5 0.36875 0.55546875 0.009375 0.028125
10 0.378125 0.575 0.009375 0.028125
5 0.2515625 0.5609375 0.0203125 0.0109375
5 0.2578125 0.603125 0.0765625 0.071875
5 0.08125 0.6359375 0.0859375 0.10546875
17 0.175 0.64140625 0.09375 0.1609375
3 0.459375 0.56953125 0.00625 0.03046875