17 0.04296875 0.5875 0.0859375 0.1359375
17 0.4453125 0.74921875 0.071875 0.21796875
17 0.878125 0.75625 0.0953125 0.215625
17 0.4609375 0.5421875 0.059375 0.11328125
17 0.75625 0.4125 0.05 0.08203125
17 0.5578125 0.38359375 0.034375 0.03125
10 0.896875 0.61640625 0.0421875 0.0765625
10 0.840625 0.55390625 0.034375 0.0734375
10 0.63125 0.4546875 0.021875 0.05703125
10 0.584375 0.35859375 0.0234375 0.03984375
10 0.7171875 0.3671875 0.021875 0.0421875
10 0.4125 0.27890625 0.0125 0.028125
3 0.6734375 0.465625 0.01875 0.05078125
4 0.503125 0.2125 0.0203125 0.03125
4 0.5265625 0.22109375 0.021875 0.03671875
4 0.5515625 0.24375 0.025 0.05390625
4 0.596875 0.240625 0.021875 0.0484375
17 0.6140625 0.26171875 0.009375 0.028125
4 0.6359375 0.2734375 0.034375 0.059375
4 0.3640625 0.240625 0.0296875 0.034375
4 0.321875 0.25390625 0.0390625 0.03125
4 0.3359375 0.29296875 0.0671875 0.0453125
4 0.28125 0.3921875 0.1125 0.15859375
4 0.7515625 0.8046875 0.225 0.3765625
4 0.5734375 0.59375 0.1234375 0.3796875
5 0.3453125 0.74375 0.1296875 0.24921875
15 0.671875 0.321875 0.0328125 0.05703125
15 0.2109375 0.35859375 0.0484375 0.0734375
5 0.4390625 0.284375 0.0234375 0.03671875
9 0.40625 0.32421875 0.0375 0.0484375
15 0.5234375 0.31328125 0.03125 0.0484375
5 0.2890625 0.29921875 0.0234375 0.03671875
10 0.8078125 0.48828125 0.03125 0.05703125
5 0.440625 0.4578125 0.0609375 0.05703125
5 0.4671875 0.3921875 0.04375 0.0625
5 0.5078125 0.41484375 0.0328125 0.08515625
5 0.48125 0.33828125 0.0328125 0.0484375
5 0.484375 0.29921875 0.0265625 0.02265625
5 0.4984375 0.23515625 0.015625 0.02265625
5 0.5125 0.25078125 0.0140625 0.01953125
5 0.5140625 0.2765625 0.01875 0.02265625