17 0.0890625 0.225 0.140625 0.06640625
17 0.12734375 0.290625 0.2546875 0.096875
17 0.3265625 0.23359375 0.115625 0.09453125
17 0.828125 0.525 0.3375 0.475
17 0.70625 0.421875 0.20625 0.378125
17 0.2359375 0.60546875 0.4703125 0.64453125
17 0.5015625 0.296875 0.15 0.2
17 0.625 0.29140625 0.109375 0.196875
17 0.446875 0.23046875 0.0703125 0.09140625
5 0.91875 0.353125 0.159375 0.20859375
17 0.7578125 0.2390625 0.103125 0.0640625
17 0.8890625 0.2640625 0.1125 0.0859375
17 0.9546875 0.25 0.0859375 0.0890625
4 0.7328125 0.18046875 0.10625 0.08359375
4 0.946875 0.175 0.1015625 0.096875
17 0.8203125 0.253125 0.0296875 0.0890625
5 0.2609375 0.2390625 0.0421875 0.075
5 0.3890625 0.3640625 0.25 0.23046875