5 0.33515625 0.7265625 0.6703125 0.5359375
19 0.5140625 0.45 0.35 0.30546875
5 0.184375 0.453125 0.3046875 0.175
5 0.1 0.596875 0.1984375 0.26953125
5 0.859375 0.35546875 0.0859375 0.1109375
5 0.0625 0.353125 0.0890625 0.09453125
4 0.0515625 0.29140625 0.0953125 0.10546875
4 0.409375 0.2859375 0.209375 0.10859375
17 0.7859375 0.478125 0.1578125 0.2640625
17 0.7515625 0.40546875 0.1203125 0.171875
17 0.94375 0.36640625 0.1078125 0.1640625
17 0.7515625 0.30546875 0.0703125 0.0390625
17 0.6671875 0.33046875 0.05625 0.096875
17 0.8625 0.2890625 0.053125 0.046875
17 0.2234375 0.353125 0.121875 0.11640625
17 0.334375 0.353125 0.103125 0.121875
17 0.4046875 0.34140625 0.053125 0.103125
17 0.6015625 0.2890625 0.0703125 0.03046875