4 0.7234375 0.403125 0.153125 0.09140625
19 0.9203125 0.425 0.1125 0.103125
17 0.8359375 0.44140625 0.06875 0.0859375
17 0.859375 0.528125 0.0796875 0.15
17 0.05234375 0.64609375 0.1046875 0.296875
17 0.0859375 0.571875 0.146875 0.175
17 0.1828125 0.63359375 0.153125 0.29453125
17 0.3046875 0.6109375 0.18125 0.246875
17 0.425 0.5390625 0.0828125 0.15546875
17 0.3515625 0.475 0.103125 0.08359375
17 0.378125 0.43359375 0.065625 0.04140625
17 0.4671875 0.51953125 0.1140625 0.153125
17 0.5484375 0.53359375 0.128125 0.1640625
17 0.59375 0.5859375 0.1671875 0.21640625
17 0.7328125 0.603125 0.0953125 0.25859375
17 0.746875 0.53359375 0.090625 0.171875
17 0.7734375 0.4859375 0.05625 0.103125
17 0.746875 0.4390625 0.075 0.053125
17 0.659375 0.49140625 0.096875 0.11640625
17 0.6328125 0.45 0.06875 0.0640625
19 0.4875 0.4390625 0.1375 0.078125
19 0.5953125 0.4390625 0.0734375 0.09140625
5 0.25625 0.478125 0.1015625 0.0640625
5 0.11875 0.46953125 0.128125 0.05859375
5 0.4078125 0.7890625 0.475 0.4140625
5 0.903125 0.58359375 0.1921875 0.18359375
4 0.940625 0.68359375 0.115625 0.6140625
19 0.5453125 0.38046875 0.05 0.025