17 0.3328125 0.725 0.6625 0.546875
17 0.575 0.496875 0.2125 0.446875
17 0.703125 0.36953125 0.1125 0.271875
17 0.83125 0.35546875 0.134375 0.246875
17 0.8984375 0.30546875 0.0703125 0.18359375
17 0.1703125 0.40859375 0.29375 0.275
17 0.06015625 0.37109375 0.1203125 0.24140625
4 0.0640625 0.19140625 0.128125 0.16953125
17 0.2828125 0.25 0.128125 0.0640625
17 0.34375 0.3609375 0.1375 0.225
17 0.4015625 0.31640625 0.1078125 0.20546875
15 0.4296875 0.23046875 0.103125 0.0890625
19 0.565625 0.19453125 0.08125 0.046875
13 0.3046875 0.2 0.028125 0.05859375
17 0.5375 0.26640625 0.084375 0.1390625
17 0.665625 0.25546875 0.084375 0.096875
17 0.6015625 0.23359375 0.040625 0.08046875
17 0.7234375 0.21953125 0.0421875 0.046875
17 0.775 0.23359375 0.0578125 0.046875
17 0.7875 0.20859375 0.03125 0.04140625
5 0.9640625 0.28359375 0.06875 0.146875
5 0.91875 0.2140625 0.065625 0.053125
19 0.6828125 0.178125 0.059375 0.04140625
13 0.3671875 0.2 0.0203125 0.05859375
17 0.5078125 0.19140625 0.0296875 0.03046875