17 0.940625 0.525 0.1140625 0.103125
11 0.675 0.81953125 0.3078125 0.35546875
5 0.834375 0.7890625 0.2796875 0.3359375
4 0.6984375 0.375 0.3140625 0.31953125
20 0.909375 0.446875 0.11875 0.10546875
19 0.9078125 0.69453125 0.18125 0.35859375
5 0.725 0.5609375 0.1828125 0.18359375
17 0.5484375 0.39140625 0.0578125 0.125
15 0.5671875 0.603125 0.20625 0.25546875
5 0.5796875 0.53046875 0.1578125 0.171875
10 0.60625 0.4859375 0.028125 0.0640625
5 0.371875 0.6 0.15625 0.221875
5 0.40625 0.475 0.11875 0.15546875
4 0.3984375 0.29453125 0.171875 0.25
11 0.471875 0.246875 0.053125 0.103125
5 0.3234375 0.3640625 0.0859375 0.13046875
17 0.2609375 0.428125 0.0640625 0.14140625
9 0.2609375 0.3 0.0703125 0.1140625
5 0.20625 0.31640625 0.059375 0.13046875
10 0.1484375 0.30859375 0.025 0.046875
17 0.2828125 0.26953125 0.0328125 0.06640625
5 0.2796875 0.24140625 0.053125 0.075
17 0.2296875 0.24140625 0.0375 0.075
17 0.2140625 0.2109375 0.025 0.053125
5 0.240625 0.2 0.0296875 0.05859375
5 0.184375 0.21953125 0.046875 0.0609375
5 0.1453125 0.196875 0.0359375 0.0640625
4 0.29375 0.15546875 0.0734375 0.1
4 0.1953125 0.1109375 0.0484375 0.0859375
5 0.103125 0.16953125 0.0359375 0.046875
9 0.134375 0.1390625 0.028125 0.046875
5 0.15625 0.121875 0.01875 0.028125
5 0.1078125 0.128125 0.01875 0.025
5 0.071875 0.1109375 0.01875 0.0390625
17 0.2296875 0.128125 0.0265625 0.05
5 0.18125 0.86640625 0.1828125 0.2609375
10 0.159375 0.678125 0.0515625 0.13046875
5 0.034375 0.9609375 0.0671875 0.071875
5 0.0265625 0.75546875 0.053125 0.2640625
5 0.1109375 0.578125 0.0921875 0.175
5 0.01875 0.54453125 0.0375 0.14453125
5 0.0984375 0.453125 0.0875 0.128125
5 0.075 0.375 0.06875 0.0890625
5 0.0203125 0.428125 0.040625 0.10859375
5 0.01796875 0.359375 0.0359375 0.08046875
19 0.0625 0.3 0.0609375 0.10546875
5 0.0390625 0.221875 0.040625 0.0609375
15 0.01484375 0.3015625 0.0296875 0.0640625
5 0.0328125 0.1890625 0.0265625 0.01640625
5 0.025 0.16953125 0.021875 0.028125
5 0.0234375 0.15 0.0171875 0.01953125
5 0.021875 0.13046875 0.01875 0.028125
5 0.0046875 0.20546875 0.009375 0.0359375
4 0.1578125 0.08359375 0.0234375 0.053125
5 0.0140625 0.10546875 0.0171875 0.03046875