4 0.903125 0.23359375 0.1890625 0.2609375
4 0.93125 0.153125 0.128125 0.13046875
4 0.13125 0.7 0.259375 0.59453125
4 0.3734375 0.196875 0.096875 0.1640625
4 0.590625 0.13359375 0.075 0.18046875
4 0.871875 0.0390625 0.0859375 0.075
4 0.71640625 0.04140625 0.0578125 0.0828125
5 0.7578125 0.2 0.05625 0.0859375
19 0.78125 0.14140625 0.053125 0.10546875
19 0.8421875 0.103125 0.04375 0.04140625
11 0.7203125 0.096875 0.053125 0.078125
17 0.678125 0.06640625 0.0171875 0.046875
17 0.671875 0.025 0.0171875 0.046875
10 0.2953125 0.3390625 0.028125 0.046875
20 0.3125 0.26953125 0.04375 0.1
5 0.809375 0.746875 0.1703125 0.3140625
5 0.6359375 0.871875 0.1484375 0.253125
17 0.309375 0.89453125 0.1234375 0.20859375
17 0.2953125 0.696875 0.1 0.2359375
17 0.375 0.54140625 0.0703125 0.1859375
5 0.4453125 0.74140625 0.109375 0.28359375
5 0.7359375 0.46640625 0.090625 0.171875
17 0.65 0.40546875 0.0609375 0.1390625
19 0.5734375 0.53046875 0.1 0.26953125
5 0.4640625 0.4609375 0.0796875 0.153125
5 0.334375 0.4140625 0.09375 0.1359375
5 0.378125 0.3109375 0.0578125 0.13359375
17 0.4203125 0.31953125 0.0421875 0.1140625
5 0.478125 0.321875 0.0640625 0.10859375
5 0.5640625 0.3390625 0.0671875 0.13046875
5 0.6328125 0.31640625 0.0625 0.09453125
5 0.6890625 0.2890625 0.065625 0.11953125
5 0.6140625 0.2390625 0.0578125 0.06953125
5 0.6640625 0.20546875 0.0546875 0.075
5 0.65 0.16640625 0.040625 0.075
5 0.6359375 0.1109375 0.0265625 0.0640625
11 0.546875 0.246875 0.0515625 0.10546875
5 0.4875 0.2390625 0.046875 0.08046875
5 0.4515625 0.2109375 0.0484375 0.08359375
15 0.4828125 0.16953125 0.0375 0.06640625
5 0.4671875 0.103125 0.0328125 0.06640625
5 0.5046875 0.13046875 0.040625 0.053125
5 0.5328125 0.1640625 0.0359375 0.05859375
5 0.5328125 0.1109375 0.0296875 0.053125
5 0.5015625 0.08359375 0.021875 0.05
5 0.509375 0.05546875 0.025 0.03359375
5 0.534375 0.0640625 0.0234375 0.0359375
19 0.575 0.028125 0.046875 0.04140625
5 0.61875 0.01953125 0.0234375 0.03046875
5 0.4640625 0.028125 0.034375 0.03359375
15 0.5078125 0.0140625 0.0265625 0.025
5 0.4671875 0.978125 0.1078125 0.0359375