5 0.090625 0.771875 0.18125 0.453125
19 0.4796875 0.7359375 0.5609375 0.521875
4 0.4546875 0.40546875 0.196875 0.16640625
17 0.265625 0.51640625 0.1078125 0.153125
9 0.41875 0.4640625 0.121875 0.0890625
17 0.0625 0.528125 0.1234375 0.11953125
17 0.10625 0.4859375 0.1171875 0.046875
5 0.1796875 0.46953125 0.0984375 0.0640625
5 0.7609375 0.5359375 0.078125 0.1640625
5 0.9359375 0.675 0.125 0.35546875
5 0.871875 0.553125 0.0828125 0.1359375
5 0.7 0.46953125 0.053125 0.0640625
5 0.821875 0.5 0.0515625 0.096875
11 0.8875 0.453125 0.053125 0.06640625
17 0.871875 0.48046875 0.0390625 0.053125