17 0.08125 0.2109375 0.0734375 0.18359375
17 0.1546875 0.2390625 0.1125 0.203125
17 0.196875 0.26640625 0.1765625 0.221875
17 0.2796875 0.196875 0.109375 0.14140625
17 0.340625 0.18046875 0.0390625 0.125
17 0.3890625 0.203125 0.1109375 0.125
17 0.478125 0.19140625 0.08125 0.14140625
17 0.5671875 0.19453125 0.103125 0.10859375
17 0.6546875 0.19140625 0.071875 0.1109375
17 0.35625 0.625 0.546875 0.74453125
17 0.5640625 0.4 0.21875 0.378125
17 0.7796875 0.56640625 0.2515625 0.6640625
17 0.903125 0.3859375 0.134375 0.3359375
17 0.95625 0.271875 0.0859375 0.153125
17 0.809375 0.19453125 0.0421875 0.10859375
17 0.734375 0.1640625 0.0671875 0.05546875
17 0.65625 0.1890625 0.0796875 0.08359375
17 0.5671875 0.18046875 0.096875 0.078125
17 0.3890625 0.20859375 0.1046875 0.11953125
4 0.4484375 0.1109375 0.0828125 0.0890625
4 0.6203125 0.10859375 0.18125 0.09453125
4 0.8328125 0.13359375 0.2546875 0.146875
4 0.9765625 0.11640625 0.040625 0.1109375
4 0.9828125 0.1359375 0.0296875 0.08359375
4 0.7375 0.3 0.1703125 0.203125
5 0.7484375 0.20859375 0.1328125 0.06640625