4 0.865625 0.73046875 0.265625 0.528125
4 0.7515625 0.5 0.171875 0.3859375
4 0.665625 0.26640625 0.1046875 0.15
19 0.61875 0.828125 0.178125 0.3359375
19 0.25 0.7890625 0.1953125 0.4140625
5 0.4046875 0.9140625 0.1609375 0.16640625
5 0.3265625 0.5609375 0.1125 0.21953125
0 0.36875 0.36953125 0.0796875 0.178125
5 0.446875 0.41640625 0.0765625 0.18046875
5 0.4578125 0.3 0.05625 0.121875
5 0.39375 0.2890625 0.0484375 0.08046875
5 0.3984375 0.23359375 0.046875 0.078125
5 0.4609375 0.225 0.05 0.08359375
5 0.4203125 0.19453125 0.03125 0.06640625
5 0.4640625 0.18046875 0.034375 0.05859375
17 0.5140625 0.275 0.0296875 0.10546875
4 0.6015625 0.44453125 0.1703125 0.50546875
5 0.434375 0.14453125 0.028125 0.04453125
10 0.409375 0.1390625 0.0125 0.028125
5 0.471875 0.1359375 0.0296875 0.046875
17 0.5078125 0.2140625 0.0265625 0.08046875
17 0.5 0.1390625 0.021875 0.05546875
4 0.596875 0.1609375 0.0765625 0.103125
4 0.58125 0.10546875 0.0578125 0.09140625
4 0.5359375 0.121875 0.0453125 0.11640625
4 0.5453125 0.05 0.0390625 0.05
4 0.51484375 0.0265625 0.0296875 0.053125
4 0.471875 0.025 0.0296875 0.05
4 0.484375 0.06640625 0.0234375 0.05859375
5 0.4421875 0.05859375 0.015625 0.025
5 0.4375 0.103125 0.028125 0.03046875
15 0.0734375 0.6609375 0.14375 0.253125
5 0.1765625 0.4390625 0.1171875 0.1390625
5 0.0671875 0.478125 0.134375 0.1390625
5 0.040625 0.43046875 0.078125 0.103125
5 0.15625 0.371875 0.1046875 0.1109375
5 0.0875 0.3390625 0.0921875 0.096875
15 0.0359375 0.3359375 0.0703125 0.0859375
5 0.0359375 0.278125 0.0671875 0.0390625
17 0.0296875 0.2359375 0.05 0.053125
17 0.1375 0.271875 0.05 0.075
17 0.1921875 0.2640625 0.05 0.08359375
17 0.09375 0.26953125 0.053125 0.071875
17 0.0890625 0.2140625 0.0390625 0.0359375
17 0.0875 0.18359375 0.0484375 0.025
17 0.1375 0.178125 0.0390625 0.05859375
5 0.1625 0.2 0.0484375 0.05546875
5 0.25 0.328125 0.0859375 0.10546875
5 0.296875 0.2640625 0.05625 0.1
5 0.2046875 0.2890625 0.040625 0.08046875
5 0.2546875 0.24140625 0.046875 0.09453125
19 0.31875 0.20546875 0.053125 0.096875
5 0.278125 0.18359375 0.04375 0.05859375
5 0.2546875 0.15546875 0.034375 0.04453125
5 0.3578125 0.153125 0.03125 0.04140625
5 0.3296875 0.14140625 0.025 0.0390625
19 0.2921875 0.13359375 0.0328125 0.04140625
4 0.26875 0.075 0.0453125 0.053125
5 0.375 0.11953125 0.021875 0.046875
5 0.4140625 0.0609375 0.0171875 0.025
5 0.3796875 0.08359375 0.01875 0.028125
19 0.3203125 0.0640625 0.0203125 0.025