4 0.8140625 0.64453125 0.2609375 0.55
4 0.6671875 0.30859375 0.1296875 0.19453125
4 0.6078125 0.20859375 0.0875 0.146875
4 0.5890625 0.1390625 0.0765625 0.1140625
4 0.5296875 0.175 0.05625 0.15859375
0 0.271875 0.7 0.1640625 0.4359375
5 0.421875 0.5390625 0.0859375 0.24453125
5 0.3375 0.44140625 0.0859375 0.15859375
5 0.434375 0.35859375 0.0671875 0.128125
5 0.3640625 0.33046875 0.0640625 0.11640625
5 0.3875 0.246875 0.0453125 0.08359375
5 0.4546875 0.25859375 0.040625 0.0890625
17 0.496875 0.24140625 0.03125 0.09453125
17 0.503125 0.421875 0.034375 0.128125
17 0.5046875 0.33359375 0.0421875 0.08359375
10 0.3765625 0.1859375 0.0203125 0.025
5 0.4046875 0.203125 0.0328125 0.08359375
5 0.45 0.203125 0.03125 0.075
5 0.45625 0.16953125 0.03125 0.0609375
5 0.4171875 0.153125 0.0328125 0.05859375
5 0.4953125 0.15859375 0.0296875 0.0640625
11 0.49375 0.11640625 0.0265625 0.075
11 0.4203125 0.1 0.0265625 0.0359375
19 0.4328125 0.08046875 0.021875 0.05
5 0.4546875 0.125 0.021875 0.03046875
4 0.459375 0.04140625 0.0265625 0.0640625
4 0.503125 0.03046875 0.03125 0.05546875
4 0.5421875 0.0859375 0.040625 0.08046875
5 0.025 0.79453125 0.05 0.153125
15 0.0859375 0.578125 0.1640625 0.1890625
5 0.1765625 0.41953125 0.1109375 0.125
5 0.0734375 0.44140625 0.1234375 0.13046875
5 0.059375 0.371875 0.115625 0.0890625
5 0.2390625 0.33046875 0.0765625 0.103125
5 0.1734375 0.31953125 0.08125 0.0859375
5 0.1484375 0.2890625 0.0796875 0.0890625
15 0.0515625 0.30859375 0.1 0.0859375
5 0.0765625 0.25546875 0.078125 0.05546875
5 0.015625 0.26640625 0.0296875 0.028125
10 0.0390625 0.23046875 0.0203125 0.028125
17 0.140625 0.221875 0.0453125 0.05859375
17 0.1859375 0.221875 0.028125 0.08046875
5 0.0984375 0.20859375 0.0546875 0.046875
17 0.11875 0.16640625 0.0296875 0.046875
17 0.1484375 0.1609375 0.0234375 0.046875
17 0.1609375 0.1609375 0.0234375 0.046875
5 0.1890625 0.16640625 0.0453125 0.04453125
17 0.234375 0.18359375 0.034375 0.053125
5 0.284375 0.253125 0.059375 0.071875
19 0.3078125 0.19140625 0.05 0.078125
5 0.2734375 0.1859375 0.0375 0.071875
5 0.3484375 0.1359375 0.034375 0.04140625
15 0.3046875 0.1390625 0.0375 0.04140625
17 0.2671875 0.1390625 0.0296875 0.03046875
5 0.2609375 0.10546875 0.0265625 0.01953125
5 0.3640625 0.1109375 0.0203125 0.04140625
5 0.3421875 0.1 0.0109375 0.03359375
5 0.38125 0.08359375 0.0234375 0.03046875
4 0.2671875 0.05859375 0.05 0.0359375
5 0.309375 0.0640625 0.0140625 0.01953125
5 0.434375 0.04453125 0.015625 0.03359375