5 0.21875 0.728125 0.4375 0.5390625
5 0.4734375 0.43046875 0.1640625 0.171875
5 0.584375 0.403125 0.0890625 0.128125
17 0.071875 0.3859375 0.0625 0.11640625
17 0.3609375 0.3609375 0.0359375 0.05546875
4 0.7296875 0.34140625 0.2078125 0.26640625
4 0.9265625 0.35859375 0.1265625 0.16953125
4 0.98125 0.3359375 0.0359375 0.1390625
17 0.84375 0.3609375 0.0296875 0.071875
10 0.1640625 0.4140625 0.0453125 0.103125
10 0.2328125 0.40859375 0.0359375 0.0859375
11 0.465625 0.35859375 0.10625 0.10546875
12 0.4015625 0.346875 0.0296875 0.096875
10 0.303125 0.38046875 0.03125 0.046875