10 0.6796875 0.69140625 0.10625 0.2390625
10 0.25625 0.9609375 0.090625 0.075
5 0.29921875 0.721875 0.5984375 0.53359375
5 0.66875 0.50859375 0.2375 0.253125
5 0.2890625 0.503125 0.396875 0.221875
5 0.171875 0.4640625 0.259375 0.1890625
19 0.5671875 0.40859375 0.2234375 0.196875
17 0.784375 0.41640625 0.09375 0.16953125
17 0.8359375 0.39453125 0.0921875 0.15546875
17 0.8703125 0.35546875 0.0609375 0.1140625
17 0.903125 0.3390625 0.0359375 0.1
17 0.7015625 0.3609375 0.0671875 0.09453125
5 0.74375 0.3390625 0.05 0.05546875
5 0.8046875 0.31640625 0.0421875 0.05546875
4 0.85625 0.28359375 0.0953125 0.0609375
4 0.1875 0.29453125 0.225 0.1140625
17 0.0609375 0.36640625 0.115625 0.125
17 0.175 0.3609375 0.109375 0.125
17 0.284375 0.35546875 0.09375 0.103125
17 0.359375 0.35 0.0796875 0.10546875
17 0.40625 0.3359375 0.046875 0.0890625
17 0.4609375 0.35 0.065625 0.103125