17 0.5140625 0.65 0.3578125 0.69453125
17 0.8015625 0.5140625 0.2328125 0.503125
17 0.140625 0.478125 0.28125 0.478125
17 0.2140625 0.353125 0.171875 0.303125
17 0.0953125 0.24140625 0.171875 0.08359375
17 0.0328125 0.178125 0.0640625 0.05859375
17 0.078125 0.1640625 0.0453125 0.05
17 0.1234375 0.178125 0.1015625 0.078125
17 0.2265625 0.1859375 0.096875 0.05859375
17 0.3421875 0.3 0.1015625 0.253125
17 0.3484375 0.1640625 0.0859375 0.0640625
17 0.4515625 0.2859375 0.1359375 0.23046875
17 0.565625 0.23359375 0.08125 0.153125
17 0.6265625 0.175 0.0734375 0.053125
17 0.64375 0.278125 0.1609375 0.1609375
17 0.7203125 0.2140625 0.1046875 0.09140625
17 0.790625 0.2 0.0890625 0.075
17 0.7984375 0.1609375 0.06875 0.0609375
17 0.875 0.178125 0.0609375 0.053125
17 0.9 0.29453125 0.09375 0.23046875
17 0.8203125 0.25 0.16875 0.10546875
19 0.615625 0.146875 0.1 0.075
5 0.98125 0.20546875 0.0328125 0.075
4 0.7390625 0.153125 0.0515625 0.0609375