4 0.09609375 0.12890625 0.1921875 0.24140625
4 0.2 0.15859375 0.0453125 0.13046875
4 0.378125 0.11953125 0.1765625 0.178125
4 0.5015625 0.14140625 0.0671875 0.078125
4 0.6375 0.11640625 0.1 0.078125
4 0.75 0.09140625 0.06875 0.078125
4 0.965625 0.1859375 0.0671875 0.23046875
17 0.471875 0.828125 0.265625 0.325
17 0.7015625 0.596875 0.1234375 0.296875
10 0.8640625 0.5640625 0.0515625 0.1359375
5 0.0359375 0.53046875 0.071875 0.24140625
5 0.3765625 0.621875 0.3078125 0.3390625
5 0.209375 0.5390625 0.275 0.2859375
5 0.25625 0.39453125 0.225 0.16640625
5 0.2421875 0.34140625 0.1984375 0.146875
5 0.4375 0.40859375 0.1875 0.1640625
5 0.7625 0.4640625 0.1453125 0.2140625
15 0.6140625 0.4 0.1640625 0.225
5 0.046875 0.26953125 0.0890625 0.0609375
15 0.140625 0.246875 0.10625 0.0859375
5 0.2375 0.271875 0.1453125 0.09453125
15 0.365625 0.221875 0.1203125 0.0890625
5 0.29375 0.228125 0.0734375 0.075
5 0.2515625 0.2 0.0703125 0.04140625
5 0.253125 0.396875 0.2265625 0.1359375
5 0.4828125 0.31953125 0.153125 0.13046875
5 0.475 0.2609375 0.134375 0.078125
17 0.5796875 0.26953125 0.0703125 0.10859375
17 0.878125 0.30859375 0.05 0.121875
17 0.85625 0.26953125 0.04375 0.125
17 0.79375 0.228125 0.040625 0.078125
5 0.8015625 0.29453125 0.075 0.1109375
5 0.721875 0.328125 0.08125 0.1359375
5 0.6890625 0.26640625 0.0984375 0.0609375
5 0.6515625 0.253125 0.0796875 0.078125
5 0.6 0.2140625 0.0765625 0.08359375
5 0.709375 0.225 0.065625 0.071875
5 0.6640625 0.19453125 0.046875 0.0390625
10 0.7640625 0.21953125 0.0171875 0.05546875
19 0.8390625 0.2 0.053125 0.0890625
5 0.9203125 0.228125 0.0328125 0.078125
5 0.90625 0.175 0.040625 0.04140625
5 0.88125 0.225 0.040625 0.0609375
9 0.403125 0.178125 0.08125 0.0609375
9 0.7328125 0.18046875 0.059375 0.08046875
5 0.7796875 0.19140625 0.040625 0.0609375
5 0.9375 0.14140625 0.0234375 0.0359375
5 0.915625 0.1359375 0.0140625 0.028125
9 0.6375 0.16640625 0.0484375 0.05859375
5 0.4703125 0.20546875 0.0828125 0.053125
5 0.546875 0.1890625 0.053125 0.0390625
5 0.503125 0.178125 0.04375 0.021875
4 0.8203125 0.1 0.04375 0.0359375