17 0.584375 0.646875 0.3515625 0.696875
17 0.0828125 0.74453125 0.165625 0.503125
17 0.0328125 0.33046875 0.0640625 0.23046875
17 0.0296875 0.428125 0.0578125 0.225
4 0.1171875 0.196875 0.234375 0.2640625
17 0.1328125 0.31640625 0.140625 0.2359375
17 0.209375 0.4359375 0.2765625 0.421875
17 0.3953125 0.35859375 0.1578125 0.2890625
17 0.3390625 0.21640625 0.1234375 0.0390625
17 0.4421875 0.278125 0.0828125 0.1609375
5 0.5078125 0.21953125 0.0796875 0.08046875
17 0.58125 0.25 0.0859375 0.125
17 0.6609375 0.278125 0.1390625 0.11953125
17 0.81875 0.3859375 0.1515625 0.303125
17 0.746875 0.26640625 0.078125 0.15
17 0.9625 0.353125 0.065625 0.25
17 0.88125 0.28359375 0.075 0.178125
19 0.615625 0.175 0.084375 0.053125
17 0.459375 0.18359375 0.053125 0.05
17 0.534375 0.1640625 0.05625 0.0359375
13 0.334375 0.171875 0.0328125 0.05859375
17 0.659375 0.20859375 0.0578125 0.046875
17 0.684375 0.20859375 0.05 0.0640625
17 0.7921875 0.203125 0.05 0.04140625
5 0.9375 0.21640625 0.0328125 0.0640625
5 0.9765625 0.20859375 0.0453125 0.0640625