15 0.184375 0.68359375 0.265625 0.3359375
5 0.421875 0.45 0.15625 0.2140625
5 0.30625 0.9 0.2375 0.19453125
5 0.5265625 0.95546875 0.1671875 0.08359375
5 0.959375 0.69140625 0.078125 0.36640625
5 0.9671875 0.4109375 0.0625 0.20859375
5 0.9609375 0.25 0.075 0.15
5 0.9578125 0.13359375 0.071875 0.10859375
0 0.9515625 0.053125 0.0578125 0.10546875
5 0.559375 0.21640625 0.0703125 0.1359375
5 0.7796875 0.15 0.0671875 0.11953125
5 0.790625 0.06640625 0.053125 0.078125
5 0.8046875 0.0140625 0.034375 0.021875
5 0.609375 0.096875 0.065625 0.0859375
5 0.5546875 0.21640625 0.0671875 0.13046875
11 0.515625 0.1390625 0.0828125 0.125
8 0.6421875 0.19140625 0.090625 0.153125
17 0.6296875 0.671875 0.1359375 0.303125
17 0.5421875 0.43359375 0.0828125 0.2140625
17 0.73125 0.06640625 0.040625 0.0890625
17 0.6890625 0.0359375 0.0359375 0.06640625
17 0.6671875 0.0859375 0.0375 0.071875
4 0.1453125 0.49140625 0.290625 0.503125
4 0.678125 0.35 0.1546875 0.34453125
5 0.7546875 0.24453125 0.0515625 0.146875
10 0.4921875 0.25 0.046875 0.05859375
10 0.7734375 0.44140625 0.0296875 0.09453125
10 0.8078125 0.275 0.028125 0.075
4 0.5703125 0.05546875 0.1140625 0.1109375
4 0.63515625 0.01640625 0.0296875 0.0328125
5 0.74609375 0.03203125 0.0359375 0.0640625