3 0.7609375 0.80859375 0.1984375 0.378125
3 0.18984375 0.89453125 0.3796875 0.20546875
17 0.0828125 0.34140625 0.1609375 0.3359375
17 0.321875 0.34453125 0.253125 0.30859375
17 0.58125 0.35859375 0.2703125 0.3359375
5 0.8625 0.45546875 0.2671875 0.3890625
5 0.8640625 0.33046875 0.2546875 0.2359375
17 0.96875 0.21640625 0.0609375 0.103125
17 0.9140625 0.16953125 0.046875 0.078125
17 0.825 0.24453125 0.15 0.1890625
17 0.7671875 0.24140625 0.090625 0.203125
4 0.9671875 0.10859375 0.0625 0.146875
17 0.5046875 0.25546875 0.1234375 0.20546875
17 0.5859375 0.19140625 0.1640625 0.053125
17 0.609375 0.1609375 0.103125 0.04453125
17 0.275 0.28359375 0.1671875 0.25
17 0.103125 0.19140625 0.1625 0.075
4 0.12890625 0.134375 0.2578125 0.175
17 0.609375 0.153125 0.0921875 0.0640625
13 0.33125 0.14140625 0.021875 0.05
13 0.3546875 0.146875 0.025 0.053125
13 0.3828125 0.146875 0.025 0.06640625
13 0.45625 0.153125 0.03125 0.0609375
13 0.521875 0.15 0.028125 0.03359375