4 0.8234375 0.375 0.1953125 0.30859375
17 0.184375 0.746875 0.365625 0.5
3 0.9359375 0.503125 0.0375 0.1109375
4 0.9375 0.371875 0.040625 0.11953125
4 0.9703125 0.353125 0.03125 0.08359375
4 0.9359375 0.3 0.0375 0.071875
5 0.7 0.421875 0.059375 0.1109375
17 0.7015625 0.35546875 0.0328125 0.053125
0 0.271875 0.446875 0.1125 0.203125
5 0.0765625 0.4640625 0.1515625 0.1359375
4 0.09140625 0.328125 0.1828125 0.1390625
15 0.121875 0.396875 0.2359375 0.14140625
5 0.190625 0.421875 0.1390625 0.1109375
4 0.4734375 0.4140625 0.403125 0.55859375