19 0.1140625 0.4 0.2125 0.28359375
17 0.5125 0.646875 0.334375 0.56953125
17 0.315625 0.4640625 0.16875 0.30859375
17 0.3609375 0.328125 0.1125 0.10859375
17 0.4578125 0.31640625 0.1015625 0.10546875
5 0.565625 0.4609375 0.225 0.26640625
4 0.578125 0.24140625 0.2578125 0.23046875
4 0.8328125 0.4984375 0.328125 0.996875
4 0.1875 0.253125 0.2359375 0.3359375
4 0.05625 0.221875 0.0453125 0.1109375
4 0.0203125 0.24453125 0.0375 0.078125
11 0.396875 0.24140625 0.1359375 0.10546875
11 0.646875 0.33359375 0.140625 0.303125