4 0.01171875 0.72890625 0.0234375 0.15859375
4 0.415625 0.25546875 0.2125 0.25546875
4 0.4375 0.45859375 0.2625 0.4140625
4 0.76875 0.328125 0.1375 0.296875
4 0.7390625 0.028125 0.0875 0.05546875
5 0.6171875 0.85 0.2171875 0.296875
5 0.65625 0.31640625 0.0953125 0.15859375
5 0.571875 0.24453125 0.0796875 0.1140625
5 0.603125 0.15546875 0.0703125 0.09453125
5 0.6796875 0.1640625 0.06875 0.096875
5 0.7171875 0.1 0.05 0.071875
5 0.8703125 0.053125 0.0375 0.071875
5 0.8265625 0.178125 0.0578125 0.10546875
5 0.9828125 0.7859375 0.03125 0.39453125
5 0.9875 0.31640625 0.021875 0.146875
5 0.9890625 0.2109375 0.0203125 0.09140625
0 0.9859375 0.125 0.025 0.121875
5 0.984375 0.0609375 0.028125 0.05859375
5 0.984375 0.028125 0.028125 0.05546875
11 0.684375 0.06953125 0.05 0.075
8 0.778125 0.103125 0.065625 0.10546875
5 0.75625 0.04453125 0.0390625 0.0359375
17 0.734375 0.2 0.0515625 0.1140625
17 0.6859375 0.4890625 0.078125 0.20546875
17 0.4859375 0.74140625 0.1171875 0.2890625
10 0.26875 0.9359375 0.0796875 0.125
10 0.09375 0.55 0.1015625 0.0859375
10 0.1953125 0.4640625 0.0859375 0.0890625
10 0.2734375 0.5890625 0.06875 0.16640625
10 0.871875 0.14140625 0.021875 0.046875
17 0.8203125 0.0390625 0.0296875 0.0609375
17 0.80625 0.0234375 0.01875 0.046875
17 0.8421875 0.025 0.015625 0.05
10 0.68125 0.103125 0.021875 0.03046875