4 0.903125 0.725 0.1890625 0.5
4 0.5609375 0.5609375 0.3390625 0.4359375
4 0.2125 0.271875 0.21875 0.278125
4 0.078125 0.1640625 0.0734375 0.15
4 0.046875 0.08359375 0.09375 0.0890625
4 0.2359375 0.046875 0.0453125 0.03046875
17 0.75 0.86953125 0.1984375 0.25546875
5 0.434375 0.78359375 0.225 0.2640625
5 0.2109375 0.50859375 0.1328125 0.171875
17 0.253125 0.4390625 0.0765625 0.15546875
19 0.1015625 0.36640625 0.10625 0.15546875
5 0.034375 0.2890625 0.0640625 0.09140625
11 0.0421875 0.2140625 0.0765625 0.09453125
17 0.1640625 0.346875 0.0421875 0.11953125
17 0.2609375 0.4359375 0.0828125 0.14453125
17 0.353125 0.29140625 0.046875 0.10859375
17 0.709375 0.51953125 0.0890625 0.18046875
5 0.446875 0.325 0.1015625 0.103125
5 0.3875 0.4 0.03125 0.10859375
14 0.371875 0.34453125 0.0234375 0.06640625
5 0.165625 0.11953125 0.046875 0.0359375
5 0.15 0.103125 0.053125 0.05546875
5 0.221875 0.096875 0.059375 0.04453125