5 0.2890625 0.5359375 0.071875 0.06640625
5 0.33125 0.5359375 0.0515625 0.0609375
5 0.3609375 0.53046875 0.0390625 0.04453125
5 0.4421875 0.53046875 0.0140625 0.025
5 0.4515625 0.53046875 0.0125 0.028125
5 0.496875 0.53046875 0.0078125 0.03046875
10 0.146875 0.5609375 0.0546875 0.15859375
13 0.4265625 0.5359375 0.01875 0.071875
17 0.5125 0.53359375 0.021875 0.046875
8 0.4828125 0.521875 0.015625 0.03046875
13 0.46875 0.525 0.0109375 0.028125
5 0.89375 0.546875 0.19375 0.1359375
10 0.725 0.553125 0.0234375 0.04453125