5 0.4890625 0.9140625 0.0234375 0.046875
5 0.39375 0.45859375 0.009375 0.01640625
5 0.38125 0.396875 0.0078125 0.0140625
5 0.35 0.2890625 0.0046875 0.0109375
4 0.465625 0.94453125 0.0359375 0.103125
4 0.440625 0.85546875 0.034375 0.125
17 0.4734375 0.85859375 0.0140625 0.0359375
11 0.4515625 0.79453125 0.0296875 0.0390625
4 0.4359375 0.7109375 0.0296875 0.075
4 0.4125 0.6359375 0.01875 0.06640625
4 0.4453125 0.625 0.0234375 0.0640625
4 0.43125 0.58046875 0.021875 0.05546875
13 0.4265625 0.6609375 0.00625 0.01640625
10 0.428125 0.628125 0.0046875 0.01953125
17 0.396875 0.59453125 0.009375 0.025
17 0.3875 0.58359375 0.0078125 0.025
13 0.4953125 0.98359375 0.0125 0.025
10 0.396875 0.528125 0.0046875 0.01640625
10 0.396875 0.48046875 0.003125 0.0140625
13 0.3796875 0.45859375 0.0046875 0.01640625
4 0.3734375 0.425 0.0140625 0.04453125
4 0.3625 0.2890625 0.0078125 0.01953125