10 0.5828125 0.796875 0.7140625 0.396875
17 0.1 0.428125 0.053125 0.071875
13 0.203125 0.43046875 0.0796875 0.1609375
11 0.228125 0.4 0.1078125 0.1
4 0.3265625 0.3390625 0.140625 0.1609375
12 0.4234375 0.3609375 0.0375 0.075
4 0.4140625 0.30859375 0.0421875 0.0359375
10 0.9546875 0.425 0.0609375 0.13359375
10 0.9109375 0.4 0.0203125 0.0359375
10 0.85625 0.3890625 0.021875 0.028125
13 0.834375 0.378125 0.01875 0.04140625
13 0.8109375 0.375 0.0203125 0.053125
13 0.75625 0.36953125 0.0125 0.03046875
17 0.6625 0.36640625 0.01875 0.028125
17 0.6390625 0.3640625 0.021875 0.021875
17 0.6171875 0.3609375 0.0125 0.01953125
4 0.64375 0.34140625 0.05 0.025
4 0.709375 0.35546875 0.078125 0.05
5 0.78125 0.371875 0.0234375 0.0359375
13 0.703125 0.36640625 0.015625 0.01953125
13 0.684375 0.3640625 0.0171875 0.021875
13 0.7390625 0.36640625 0.0140625 0.021875