17 0.4890625 0.5140625 0.0234375 0.05
10 0.2671875 0.528125 0.0265625 0.0640625
5 0.3265625 0.51640625 0.0375 0.04453125
5 0.3484375 0.51640625 0.021875 0.03046875
5 0.4234375 0.5140625 0.015625 0.01953125
5 0.434375 0.5109375 0.009375 0.01953125
5 0.4734375 0.51640625 0.0140625 0.03046875
5 0.66875 0.528125 0.0859375 0.09453125
10 0.734375 0.54140625 0.0328125 0.053125
15 0.909375 0.528125 0.1796875 0.19453125
13 0.409375 0.51640625 0.0125 0.05546875
13 0.4484375 0.5109375 0.0109375 0.028125
5 0.3609375 0.5109375 0.03125 0.03359375