1 0.8 0.90703125 0.0890625 0.165625
13 0.6234375 0.82265625 0.028125 0.10625
13 0.559375 0.7171875 0.0171875 0.06953125
13 0.6140625 0.75625 0.01875 0.07265625
13 0.565625 0.615625 0.009375 0.03671875
13 0.5609375 0.57265625 0.00625 0.0234375
2 0.5890625 0.7734375 0.0296875 0.10625
2 0.534375 0.70703125 0.021875 0.0796875
2 0.55625 0.6609375 0.015625 0.03984375
2 0.5546875 0.61953125 0.0109375 0.03984375
5 0.6359375 0.746875 0.03125 0.07578125
10 0.765625 0.82578125 0.040625 0.0328125
10 0.7546875 0.8 0.040625 0.03984375
10 0.7421875 0.79609375 0.0421875 0.04296875
10 0.73125 0.7828125 0.0375 0.04296875
10 0.69375 0.73359375 0.021875 0.0265625
5 0.6578125 0.71328125 0.0703125 0.05625
5 0.6375 0.696875 0.05625 0.04296875
5 0.5390625 0.5796875 0.0125 0.0234375
5 0.5359375 0.559375 0.009375 0.01328125
11 0.590625 0.63046875 0.025 0.06640625
19 0.63125 0.6703125 0.0703125 0.053125
0 0.6140625 0.6125 0.0171875 0.04609375
19 0.525 0.609375 0.0171875 0.03984375
19 0.5859375 0.56953125 0.0109375 0.0265625
13 0.5578125 0.53671875 0.0046875 0.01328125
19 0.54375 0.5234375 0.00625 0.01328125
18 0.5484375 0.503125 0.00625 0.01953125
11 0.575 0.54296875 0.00625 0.01328125
13 0.56875 0.53984375 0.0046875 0.01640625
13 0.553125 0.5328125 0.003125 0.01328125
18 0.56875 0.51953125 0.009375 0.01640625
10 0.034375 0.8359375 0.025 0.05625
2 0.0984375 0.89375 0.0609375 0.1390625
2 0.1625 0.890625 0.065625 0.1359375
2 0.16875 0.82265625 0.071875 0.06640625
13 0.2546875 0.7828125 0.03125 0.0796875
10 0.2140625 0.7765625 0.03125 0.04609375
3 0.18125 0.7734375 0.034375 0.0328125
10 0.2296875 0.71328125 0.01875 0.0328125
5 0.2578125 0.7203125 0.0453125 0.059375
2 0.340625 0.73359375 0.0265625 0.0828125
5 0.353125 0.67734375 0.03125 0.04609375
19 0.3734375 0.62734375 0.015625 0.04296875
13 0.40625 0.63046875 0.00625 0.04609375
4 0.44375 0.5828125 0.03125 0.06640625
5 0.4640625 0.56953125 0.0046875 0.01953125
5 0.521875 0.54296875 0.00625 0.01328125