13 0.0421875 0.6953125 0.05 0.2140625
13 0.6515625 0.70703125 0.053125 0.20703125
13 0.5328125 0.6 0.0421875 0.1546875
5 0.11875 0.5734375 0.0625 0.121875
5 0.0140625 0.5515625 0.0265625 0.11796875
5 0.0578125 0.459375 0.05 0.0921875
5 0.075 0.4 0.0421875 0.05546875
5 0.6984375 0.603125 0.1328125 0.1
5 0.659375 0.521875 0.1125 0.1
19 0.6296875 0.459375 0.1125 0.1140625
4 0.446875 0.41171875 0.10625 0.36171875
2 0.1890625 0.459375 0.0328125 0.1140625
2 0.259375 0.3265625 0.0203125 0.07734375
13 0.16875 0.38203125 0.0203125 0.08515625
13 0.1578125 0.3484375 0.015625 0.07734375
2 0.1234375 0.2359375 0.015625 0.04453125
2 0.1515625 0.17734375 0.0125 0.0296875
2 0.13125 0.184375 0.0109375 0.03359375
13 0.15625 0.2328125 0.0171875 0.03671875
13 0.1703125 0.225 0.0125 0.040625
3 0.1890625 0.296875 0.00625 0.0296875
3 0.18125 0.31171875 0.00625 0.03359375
2 0.1203125 0.1921875 0.0125 0.0296875
4 0.16875 0.13671875 0.040625 0.03671875
11 0.365625 0.36328125 0.05 0.16640625
2 0.7625 0.86015625 0.1234375 0.246875
10 0.7609375 0.6734375 0.065625 0.09609375
10 0.51875 0.35625 0.0140625 0.03671875
10 0.4953125 0.246875 0.0078125 0.03359375
2 0.5 0.2328125 0.0296875 0.040625
10 0.509375 0.41484375 0.0078125 0.0703125