5 0.3671875 0.965625 0.1578125 0.0609375
5 0.4375 0.903125 0.134375 0.0921875
5 0.5078125 0.853125 0.0890625 0.07109375
5 0.59375 0.7875 0.071875 0.0625
5 0.615625 0.74375 0.059375 0.046875
13 0.6734375 0.9203125 0.0671875 0.11640625
13 0.6703125 0.7765625 0.040625 0.075
13 0.728125 0.7578125 0.0375 0.075
3 0.7640625 0.88359375 0.025 0.07109375
3 0.7828125 0.7890625 0.015625 0.03984375
2 0.690625 0.62734375 0.021875 0.03125
2 0.728125 0.621875 0.01875 0.03125
2 0.8046875 0.6359375 0.0234375 0.03671875
2 0.840625 0.63984375 0.040625 0.034375
2 0.86875 0.621875 0.021875 0.03125
2 0.7875 0.61484375 0.021875 0.03125
3 0.775 0.646875 0.0125 0.01875
13 0.7453125 0.634375 0.01875 0.02578125
2 0.675 0.596875 0.0140625 0.02265625
2 0.6625 0.59375 0.0140625 0.02265625
2 0.6921875 0.58515625 0.0140625 0.02109375
13 0.678125 0.621875 0.009375 0.03125
4 0.74375 0.55703125 0.059375 0.02578125