5 0.4296875 0.70859375 0.0484375 0.05546875
4 0.878125 0.5640625 0.240625 0.4109375
17 0.04375 0.78359375 0.0796875 0.428125
9 0.2484375 0.68359375 0.053125 0.05546875
5 0.5703125 0.69140625 0.0296875 0.01953125
5 0.5421875 0.675 0.0125 0.01640625
5 0.521875 0.675 0.0140625 0.01640625
5 0.5015625 0.6609375 0.0078125 0.00859375
4 0.5703125 0.66953125 0.0390625 0.05
5 0.4796875 0.678125 0.0125 0.021875
5 0.4734375 0.671875 0.0109375 0.01953125
5 0.484375 0.66953125 0.0078125 0.0140625
5 0.453125 0.66953125 0.0125 0.01953125