2 0.065625 0.8203125 0.128125 0.21875
2 0.2265625 0.7328125 0.096875 0.18828125
10 0.1203125 0.6796875 0.053125 0.06640625
10 0.1375 0.56640625 0.0453125 0.0578125
5 0.2046875 0.575 0.0984375 0.1
13 0.321875 0.6 0.046875 0.14140625
13 0.325 0.50859375 0.0359375 0.03046875
13 0.45625 0.5 0.03125 0.09453125
13 0.5265625 0.43046875 0.025 0.0640625
13 0.4953125 0.44453125 0.03125 0.07734375
13 0.496875 0.375 0.021875 0.046875
2 0.4703125 0.47265625 0.0375 0.09140625
19 0.421875 0.40546875 0.053125 0.08828125
17 0.45625 0.37265625 0.025 0.05234375
3 0.0515625 0.6828125 0.0671875 0.05234375
10 0.6078125 0.4390625 0.01875 0.071875
2 0.5953125 0.34453125 0.00625 0.0578125
5 0.55625 0.2921875 0.0453125 0.03359375
13 0.60625 0.31171875 0.015625 0.04140625
13 0.634375 0.30625 0.015625 0.046875
4 0.621875 0.2703125 0.040625 0.07734375
4 0.6078125 0.23515625 0.0328125 0.0390625
18 0.71875 0.478125 0.08125 0.221875
18 0.7734375 0.2046875 0.0203125 0.0390625
5 0.725 0.21640625 0.0125 0.01640625
5 0.7234375 0.19921875 0.009375 0.0109375
5 0.7234375 0.1828125 0.0078125 0.0140625
2 0.7390625 0.19921875 0.009375 0.01953125
11 0.796875 0.246875 0.015625 0.02734375
3 0.7625 0.253125 0.00625 0.01953125
3 0.759375 0.240625 0.003125 0.0140625
13 0.775 0.2921875 0.015625 0.04453125
13 0.78125 0.28359375 0.0109375 0.0390625
13 0.7859375 0.38125 0.0203125 0.075
13 0.809375 0.375 0.0203125 0.071875
13 0.8265625 0.525 0.034375 0.11328125
13 0.85 0.61328125 0.04375 0.15234375
13 0.8875 0.5578125 0.0328125 0.1078125
13 0.915625 0.54453125 0.03125 0.12734375
13 0.940625 0.84765625 0.0671875 0.2546875
13 0.978125 0.63828125 0.040625 0.1578125
5 0.96875 0.5140625 0.059375 0.071875
19 0.9546875 0.47265625 0.0875 0.096875
11 0.8765625 0.40859375 0.0484375 0.11640625
0 0.9078125 0.35859375 0.0375 0.06953125
19 0.8828125 0.33359375 0.01875 0.0359375
19 0.834375 0.28984375 0.025 0.04453125
19 0.825 0.27265625 0.015625 0.03359375
2 0.809375 0.303125 0.01875 0.05