10 0.040625 0.8359375 0.078125 0.0796875
10 0.0296875 0.68046875 0.0375 0.05625
10 0.190625 0.60234375 0.028125 0.04296875
10 0.4921875 0.5265625 0.0125 0.05
2 0.1171875 0.73984375 0.0640625 0.1390625
2 0.1765625 0.69375 0.059375 0.1390625
2 0.25 0.640625 0.04375 0.109375
13 0.2640625 0.696875 0.0359375 0.115625
13 0.2953125 0.56953125 0.021875 0.07578125
10 0.2078125 0.55 0.01875 0.0328125
5 0.2390625 0.55625 0.0453125 0.059375
3 0.1671875 0.615625 0.034375 0.03984375
13 0.3578125 0.49375 0.0140625 0.053125
13 0.378125 0.49375 0.0140625 0.05
13 0.3765625 0.446875 0.0078125 0.0265625
19 0.34375 0.46328125 0.025 0.04609375
17 0.359375 0.446875 0.0109375 0.0296875
2 0.3890625 0.48046875 0.0171875 0.04609375
2 0.43125 0.4171875 0.009375 0.0296875
5 0.40625 0.40078125 0.021875 0.01640625
4 0.4390625 0.390625 0.0171875 0.04609375
4 0.43125 0.37265625 0.015625 0.0234375
10 0.4421875 0.45 0.00625 0.0328125
13 0.615625 0.87734375 0.0484375 0.21171875
13 0.6390625 0.75 0.0328125 0.14921875
13 0.5734375 0.6640625 0.028125 0.1125
13 0.60625 0.60234375 0.0203125 0.0859375
13 0.5484375 0.56328125 0.0265625 0.06953125
13 0.5625 0.55 0.0125 0.05625
13 0.521875 0.48984375 0.0125 0.04609375
13 0.525 0.46328125 0.00625 0.0265625
18 0.471875 0.65078125 0.06875 0.24140625
5 0.79296875 0.8921875 0.1078125 0.1953125
1 0.809375 0.73046875 0.0921875 0.15234375
10 0.76875 0.6640625 0.03125 0.04296875
10 0.7234375 0.62265625 0.0296875 0.03984375
10 0.7390625 0.62734375 0.0328125 0.0328125
10 0.753125 0.640625 0.0328125 0.03984375
10 0.715625 0.6125 0.034375 0.03984375
10 0.6828125 0.5796875 0.028125 0.0328125
10 0.6703125 0.57265625 0.03125 0.0265625
10 0.66875 0.56328125 0.03125 0.0234375
5 0.61875 0.5796875 0.0359375 0.07265625
5 0.634375 0.53984375 0.0703125 0.04609375
5 0.6125 0.5265625 0.0546875 0.03984375
19 0.603125 0.51015625 0.0703125 0.06328125
11 0.5578125 0.4671875 0.0234375 0.06640625
0 0.5734375 0.44375 0.0171875 0.04296875
19 0.5609375 0.43046875 0.009375 0.0234375
19 0.5390625 0.40390625 0.0109375 0.0265625
19 0.534375 0.39375 0.009375 0.01953125
2 0.5265625 0.4109375 0.0078125 0.0265625
13 0.5140625 0.4140625 0.0078125 0.0234375
13 0.5125 0.40703125 0.00625 0.0265625
11 0.5203125 0.37734375 0.00625 0.01640625
3 0.50625 0.3875 0.0015625 0.01328125
3 0.4984375 0.37734375 0.0015625 0.01015625
18 0.509375 0.35625 0.009375 0.0234375
5 0.4875 0.36953125 0.00625 0.01015625
5 0.4875 0.359375 0.0046875 0.00625
5 0.4859375 0.34609375 0.003125 0.00625
2 0.4953125 0.35625 0.003125 0.01015625
10 0.490625 0.35625 0.0015625 0.01015625
19 0.51875 0.3625 0.0046875 0.01328125