10 0.7890625 0.9328125 0.1015625 0.0828125
13 0.615625 0.93828125 0.071875 0.11796875
13 0.315625 0.809375 0.05 0.10234375
13 0.2703125 0.76171875 0.040625 0.07421875
2 0.525 0.8875 0.0984375 0.1125
5 0.703125 0.89609375 0.1765625 0.09375
5 0.6234375 0.8328125 0.165625 0.07578125
19 0.5703125 0.78515625 0.16875 0.08125
5 0.3109375 0.72890625 0.0609375 0.06171875
14 0.3609375 0.76328125 0.03125 0.04375
10 0.3921875 0.71328125 0.028125 0.0296875
2 0.3296875 0.68671875 0.0359375 0.05078125
4 0.2546875 0.6359375 0.1203125 0.12890625
11 0.34375 0.62734375 0.0546875 0.06171875