5 0.134375 0.5765625 0.2625 0.25703125
5 0.2453125 0.49296875 0.2703125 0.1359375
5 0.1484375 0.41796875 0.2 0.09375
10 0.590625 0.47578125 0.078125 0.10703125
10 0.796875 0.4265625 0.0234375 0.04609375
10 0.675 0.45546875 0.0359375 0.08359375
10 0.6265625 0.39296875 0.0171875 0.0359375
3 0.9625 0.459375 0.0390625 0.0765625
3 0.86875 0.44375 0.021875 0.04296875
13 0.909375 0.4046875 0.0296875 0.04765625
13 0.8453125 0.4015625 0.028125 0.04765625
13 0.83125 0.39296875 0.0171875 0.0359375
13 0.803125 0.390625 0.01875 0.0375
13 0.76875 0.4078125 0.065625 0.06171875
13 0.7375 0.39765625 0.03125 0.0578125
13 0.096875 0.37421875 0.0484375 0.0375
5 0.0453125 0.38046875 0.0796875 0.0375
5 0.425 0.37734375 0.053125 0.0390625
10 0.3078125 0.39296875 0.05625 0.04453125
10 0.409375 0.3828125 0.0203125 0.0375
17 0.4890625 0.428125 0.1125 0.10390625
13 0.5234375 0.371875 0.01875 0.01328125
13 0.6453125 0.40625 0.0546875 0.06640625