4 0.4640625 0.93359375 0.0328125 0.128125
4 0.4375 0.83359375 0.0328125 0.125
4 0.4375 0.70859375 0.0359375 0.078125
4 0.44375 0.61640625 0.0234375 0.0640625
4 0.4078125 0.61640625 0.01875 0.06640625
4 0.4296875 0.575 0.01875 0.05859375
4 0.36875 0.4109375 0.015625 0.046875
4 0.35625 0.275 0.009375 0.01953125
13 0.4890625 0.9890625 0.0109375 0.0109375
5 0.490625 0.91640625 0.025 0.046875
17 0.478125 0.871875 0.015625 0.0390625
11 0.4609375 0.796875 0.0265625 0.04453125
13 0.4234375 0.65859375 0.0078125 0.01640625
10 0.421875 0.625 0.003125 0.0109375
10 0.39375 0.5390625 0.0046875 0.0140625
10 0.390625 0.4859375 0.0046875 0.0140625
17 0.3859375 0.6 0.0109375 0.025
17 0.3828125 0.5640625 0.009375 0.021875
13 0.375 0.44453125 0.0078125 0.01640625
13 0.3828125 0.4359375 0.0046875 0.01640625
5 0.390625 0.446875 0.0109375 0.01640625
5 0.38125 0.396875 0.009375 0.0140625
11 0.3578125 0.3 0.0078125 0.01953125
5 0.3421875 0.271875 0.00625 0.0109375
5 0.35625 0.2359375 0.003125 0.00546875