5 0.415625 0.9734375 0.03125 0.04921875
5 0.721875 0.96015625 0.034375 0.07109375
10 0.4921875 0.9109375 0.0109375 0.05390625
13 0.46875 0.85234375 0.0125 0.04453125
13 0.475 0.8390625 0.009375 0.04921875
13 0.4765625 0.8078125 0.009375 0.0359375
13 0.5 0.83046875 0.009375 0.0359375
13 0.446875 0.79921875 0.0078125 0.0359375
2 0.465625 0.8078125 0.009375 0.03125
2 0.490625 0.85234375 0.0125 0.0578125
18 0.5359375 0.8484375 0.03125 0.11640625
18 0.525 0.78125 0.028125 0.0578125
2 0.4390625 0.78125 0.0078125 0.0265625
13 0.4484375 0.77265625 0.00625 0.01796875
10 0.4578125 0.77265625 0.003125 0.02265625
2 0.4671875 0.7859375 0.0078125 0.01796875
2 0.4703125 0.77265625 0.009375 0.0265625
4 0.43125 0.7140625 0.0125 0.04921875
4 0.471875 0.72734375 0.0296875 0.0359375
11 0.4953125 0.7453125 0.01875 0.0359375
10 0.5609375 0.84375 0.0109375 0.03984375
2 0.6265625 0.875 0.0328125 0.0671875
2 0.6203125 0.7859375 0.0109375 0.0359375
2 0.653125 0.95078125 0.0265625 0.09375
2 0.7015625 0.92890625 0.01875 0.08515625
13 0.6875 0.91953125 0.009375 0.08046875
2 0.7328125 0.9015625 0.0203125 0.0671875
12 0.7296875 0.83515625 0.0390625 0.07578125
13 0.74375 0.875 0.0140625 0.04453125
19 0.759375 0.8171875 0.021875 0.04921875
10 0.76875 0.9328125 0.0140625 0.0359375