18 0.4828125 0.82578125 0.1078125 0.33125
19 0.7765625 0.9203125 0.1 0.1421875
2 0.10625 0.7796875 0.0640625 0.1421875
2 0.165625 0.7265625 0.0625 0.12578125
2 0.2421875 0.68359375 0.046875 0.10625
10 0.1953125 0.65390625 0.028125 0.04609375
10 0.203125 0.63046875 0.028125 0.0328125
10 0.1984375 0.5890625 0.0234375 0.03671875
5 0.23125 0.59609375 0.0484375 0.06328125
13 0.2875 0.609375 0.0234375 0.0796875
13 0.3265625 0.62578125 0.0234375 0.0828125
13 0.3546875 0.56328125 0.0171875 0.05
13 0.334375 0.559375 0.0171875 0.053125
13 0.365625 0.5265625 0.0140625 0.04609375
13 0.371875 0.496875 0.0109375 0.03984375
19 0.3359375 0.50625 0.028125 0.04609375
2 0.3859375 0.51953125 0.0171875 0.04609375
13 0.4234375 0.4671875 0.009375 0.0296875
4 0.428125 0.440625 0.0203125 0.05
17 0.353125 0.48984375 0.0140625 0.03671875
18 0.4796875 0.4671875 0.021875 0.06640625
13 0.5125 0.53671875 0.0125 0.053125
13 0.528125 0.54296875 0.0140625 0.05
13 0.5015625 0.46328125 0.00625 0.0296875
13 0.5140625 0.4703125 0.0078125 0.0296875
13 0.4984375 0.43671875 0.00625 0.01640625
2 0.5078125 0.45 0.0078125 0.0265625
19 0.5328125 0.45 0.0109375 0.0265625
19 0.5265625 0.44375 0.009375 0.01953125
11 0.55 0.51328125 0.025 0.059375
0 0.565625 0.49375 0.0171875 0.03984375
13 0.5546875 0.59921875 0.0171875 0.059375
2 0.5421875 0.68046875 0.03125 0.115625
13 0.5765625 0.7171875 0.0265625 0.11953125
13 0.6125 0.71328125 0.028125 0.1125
13 0.6 0.6609375 0.01875 0.09609375
13 0.5765625 0.62265625 0.021875 0.06953125
10 0.359375 0.65703125 0.0203125 0.0796875
1 0.8 0.78671875 0.0953125 0.1625
10 0.73125 0.68046875 0.0390625 0.03984375
10 0.7515625 0.69375 0.0390625 0.03984375
10 0.7125 0.6609375 0.040625 0.05
10 0.6734375 0.62265625 0.03125 0.03671875
5 0.6140625 0.62734375 0.034375 0.06640625
5 0.628125 0.5890625 0.071875 0.04296875
5 0.60625 0.57578125 0.0515625 0.03671875
19 0.596875 0.559375 0.06875 0.05
13 0.5046875 0.43671875 0.0046875 0.01640625
11 0.515625 0.42421875 0.00625 0.01640625
18 0.5046875 0.40078125 0.009375 0.0234375