10 0.628125 0.7890625 0.7015625 0.39140625
10 0.021875 0.56953125 0.04375 0.20859375
10 0.471875 0.3890625 0.03125 0.10546875
10 0.5359375 0.36640625 0.0078125 0.0390625
10 0.4046875 0.371875 0.0140625 0.05
11 0.4046875 0.35546875 0.04375 0.0640625
17 0.115625 0.4359375 0.15 0.2109375
13 0.2328125 0.4 0.0609375 0.1140625
5 0.2234375 0.4 0.0828125 0.09140625
3 0.303125 0.4109375 0.0359375 0.075
13 0.3734375 0.3609375 0.015625 0.03359375
3 0.440625 0.36953125 0.009375 0.04453125
13 0.503125 0.371875 0.025 0.0640625
13 0.4828125 0.36953125 0.015625 0.0609375
13 0.51875 0.3609375 0.0125 0.0390625
5 0.5578125 0.36640625 0.021875 0.03046875
9 0.5296875 0.35546875 0.009375 0.01640625
4 0.6515625 0.3359375 0.03125 0.021875
13 0.940625 0.425 0.05625 0.1140625