4 0.453125 0.946875 0.0328125 0.096875
4 0.4484375 0.8 0.025 0.075
4 0.45625 0.7140625 0.025 0.0609375
4 0.4265625 0.7359375 0.01875 0.06953125
4 0.440625 0.66640625 0.0203125 0.05546875
4 0.390625 0.51953125 0.0140625 0.04453125
4 0.38125 0.3859375 0.0078125 0.021875
5 0.36875 0.3890625 0.0046875 0.0109375
5 0.3953125 0.48046875 0.0078125 0.0140625
5 0.409375 0.55 0.0078125 0.01640625
13 0.396875 0.55 0.00625 0.01640625
17 0.403125 0.68359375 0.009375 0.021875
17 0.4125 0.66640625 0.0078125 0.025
10 0.4265625 0.68359375 0.0046875 0.01953125
10 0.4078125 0.6 0.0046875 0.01640625
10 0.4171875 0.56640625 0.0046875 0.01640625
13 0.4421875 0.746875 0.009375 0.021875
15 0.4625 0.76953125 0.0140625 0.03046875
11 0.446875 0.88046875 0.0328125 0.0390625
17 0.4796875 0.9390625 0.0140625 0.0390625
5 0.4921875 0.98046875 0.01875 0.03046875