13 0.76875 0.70859375 0.0875 0.4359375
13 0.075 0.15078125 0.0578125 0.2125
13 0.1078125 0.09296875 0.0453125 0.17734375
13 0.6734375 0.253125 0.0578125 0.25078125
13 0.7640625 0.24296875 0.0546875 0.228125
3 0.7984375 0.5 0.0484375 0.15859375
10 0.8375 0.384375 0.0328125 0.20078125
13 0.828125 0.23515625 0.0421875 0.2125
2 0.028125 0.39609375 0.046875 0.40546875
13 0.71875 0.12734375 0.040625 0.1625
5 0.8609375 0.20078125 0.090625 0.2046875
5 0.9015625 0.08515625 0.184375 0.12734375
5 0.8484375 0.06171875 0.128125 0.11953125
13 0.7546875 0.065625 0.0484375 0.11953125
10 0.971875 0.15859375 0.053125 0.096875