5 0.159375 0.95546875 0.1421875 0.0796875
5 0.2421875 0.8984375 0.115625 0.1140625
5 0.49375 0.73046875 0.0625 0.06953125
5 0.3421875 0.79140625 0.0890625 0.1015625
5 0.3734375 0.74296875 0.0734375 0.084375
2 0.5296875 0.6390625 0.0359375 0.0765625
2 0.453125 0.55 0.028125 0.05
2 0.50625 0.54453125 0.021875 0.05234375
2 0.4671875 0.4921875 0.0203125 0.03984375
2 0.4328125 0.49765625 0.0125 0.0375
2 0.446875 0.46796875 0.015625 0.01484375
13 0.49375 0.525 0.009375 0.034375
0 0.5578125 0.5 0.03125 0.04453125
3 0.5375 0.53984375 0.009375 0.025
3 0.559375 0.5375 0.009375 0.0296875
3 0.571875 0.5421875 0.0078125 0.02265625
18 0.4359375 0.428125 0.0390625 0.03203125
4 0.5296875 0.440625 0.0671875 0.03984375
13 0.6078125 0.58671875 0.025 0.06484375
2 0.6765625 0.571875 0.021875 0.059375
3 0.6859375 0.59453125 0.021875 0.0296875
3 0.7 0.5890625 0.009375 0.0296875
10 0.7125 0.584375 0.01875 0.046875
2 0.8234375 0.59453125 0.0390625 0.06484375
19 0.8125 0.525 0.046875 0.04453125
10 0.9578125 0.61640625 0.01875 0.05703125
3 0.9578125 0.66640625 0.0140625 0.046875
2 0.984375 0.59453125 0.0296875 0.059375
11 0.9125 0.83125 0.125 0.26796875
10 0.98125 0.86875 0.021875 0.08671875
5 0.9875 0.70859375 0.0203125 0.071875