11 0.4578125 0.96640625 0.0328125 0.0390625
4 0.4703125 0.8859375 0.025 0.078125
4 0.45 0.828125 0.01875 0.071875
4 0.478125 0.79453125 0.021875 0.05859375
4 0.4609375 0.7359375 0.021875 0.053125
15 0.484375 0.84140625 0.0140625 0.028125
17 0.4265625 0.771875 0.009375 0.025
17 0.4328125 0.73046875 0.0078125 0.021875
10 0.446875 0.778125 0.00625 0.01953125
10 0.44375 0.7390625 0.0046875 0.01953125
10 0.4296875 0.6609375 0.003125 0.0140625
5 0.4328125 0.63046875 0.0078125 0.01640625
4 0.415625 0.603125 0.0140625 0.04140625
13 0.4203125 0.63359375 0.00625 0.01953125
5 0.415625 0.55 0.0078125 0.0140625
5 0.39375 0.478125 0.00625 0.00859375
4 0.4078125 0.46953125 0.00625 0.01640625
11 0.4046875 0.4890625 0.0078125 0.01640625