2 0.21875 0.928125 0.0625 0.125
2 0.203125 0.775 0.0359375 0.071875
2 0.1765625 0.71328125 0.0171875 0.04453125
2 0.1765625 0.66796875 0.0171875 0.0296875
2 0.0640625 0.67890625 0.0140625 0.0296875
13 0.30625 0.9171875 0.0515625 0.11015625
13 0.2859375 0.85078125 0.0390625 0.08125
13 0.1921875 0.72265625 0.021875 0.03515625
10 0.11875 0.7515625 0.0140625 0.04453125
10 0.5640625 0.909375 0.0734375 0.0390625
10 0.5421875 0.896875 0.071875 0.03515625
10 0.5125 0.8875 0.0625 0.040625
10 0.5 0.87109375 0.065625 0.04453125
10 0.4421875 0.82890625 0.059375 0.04453125
9 0.328125 0.83828125 0.059375 0.07578125
5 0.36875 0.79765625 0.1265625 0.04453125
5 0.3328125 0.784375 0.1 0.04453125
19 0.31875 0.7640625 0.128125 0.06484375
11 0.2453125 0.72109375 0.0453125 0.071875
0 0.2859375 0.69921875 0.0328125 0.04453125
2 0.190625 0.69375 0.01875 0.02421875
13 0.196875 0.6734375 0.0140625 0.02421875
19 0.1484375 0.64375 0.0171875 0.021875
5 0.16875 0.634375 0.0125 0.01484375
5 0.1578125 0.6234375 0.0125 0.0109375
19 0.2390625 0.65859375 0.0203125 0.02421875
5 0.10625 0.65078125 0.015625 0.01875
5 0.015625 0.65859375 0.009375 0.0203125
4 0.0046875 0.67109375 0.009375 0.05859375
10 0.09375 0.625 0.00625 0.01328125
18 0.1703125 0.58828125 0.009375 0.01640625
13 0.1890625 0.64921875 0.0125 0.0203125
11 0.2171875 0.63046875 0.0140625 0.01484375
18 0.20625 0.60859375 0.0171875 0.01875
1 0.6078125 0.959375 0.1328125 0.07578125