17 0.471875 0.6109375 0.1375 0.24140625
13 0.66875 0.59140625 0.1546875 0.221875
13 0.8921875 0.61953125 0.18125 0.30546875
5 0.796875 0.59453125 0.0859375 0.0890625
17 0.7671875 0.525 0.0484375 0.05546875
17 0.59375 0.521875 0.0421875 0.05546875
17 0.15 0.51640625 0.028125 0.0390625
17 0.1875 0.51953125 0.0359375 0.04140625
17 0.2515625 0.521875 0.0234375 0.053125
13 0.2859375 0.5640625 0.0625 0.125
10 0.1984375 0.6109375 0.0859375 0.1140625
10 0.3453125 0.528125 0.0171875 0.021875
13 0.23125 0.5140625 0.0171875 0.0359375
17 0.0890625 0.51953125 0.0296875 0.0359375
13 0.128125 0.51640625 0.0140625 0.04140625
17 0.6796875 0.525 0.025 0.05546875