17 0.7171875 0.3390625 0.0375 0.0859375
17 0.5828125 0.29140625 0.0328125 0.071875
17 0.55625 0.246875 0.028125 0.0640625
17 0.3921875 0.328125 0.0484375 0.078125
13 0.3734375 0.378125 0.0359375 0.09453125
4 0.1359375 0.55546875 0.2046875 0.38046875
4 0.09375 0.4390625 0.1875 0.30859375
4 0.4859375 0.25859375 0.103125 0.13046875
4 0.4453125 0.221875 0.0765625 0.11953125
4 0.5765625 0.16953125 0.0328125 0.08046875
4 0.5625 0.10546875 0.0203125 0.046875
4 0.4953125 0.175 0.0828125 0.0640625
5 0.6234375 0.25 0.0296875 0.05
5 0.621875 0.20546875 0.0265625 0.0390625
16 0.74375 0.25546875 0.0328125 0.0640625
7 0.8046875 0.19140625 0.028125 0.05546875
4 0.6984375 0.18359375 0.040625 0.09140625
13 0.978125 0.35859375 0.0359375 0.09140625
13 0.909375 0.5609375 0.059375 0.1609375
13 0.865625 0.45859375 0.0390625 0.121875
13 0.971875 0.575 0.053125 0.16640625
20 0.9671875 0.49140625 0.0625 0.11640625
13 0.7828125 0.271875 0.025 0.071875
13 0.828125 0.271875 0.0265625 0.06953125