17 0.590625 0.621875 0.06875 0.08359375
17 0.453125 0.653125 0.025 0.09140625
5 0.4015625 0.6890625 0.0703125 0.078125
10 0.246875 0.7 0.025 0.09453125
5 0.221875 0.69453125 0.025 0.05859375
17 0.290625 0.66953125 0.0171875 0.0390625
17 0.3125 0.66640625 0.01875 0.04453125
17 0.2671875 0.675 0.0140625 0.046875
13 0.278125 0.66953125 0.00625 0.03046875
0 0.0828125 0.71640625 0.0484375 0.071875
10 0.1140625 0.7109375 0.0109375 0.05
4 0.0296875 0.7140625 0.059375 0.10859375
4 0.3921875 0.59453125 0.0734375 0.05859375