13 0.940625 0.5 0.090625 0.2640625
5 0.725 0.453125 0.1046875 0.05546875
5 0.525 0.496875 0.0578125 0.0890625
5 0.4875 0.475 0.0359375 0.0640625
13 0.56875 0.45546875 0.0421875 0.06640625
14 0.6 0.45859375 0.01875 0.0390625
17 0.659375 0.4390625 0.0265625 0.053125
17 0.7875 0.428125 0.0453125 0.046875
17 0.8484375 0.428125 0.053125 0.05859375
17 0.45 0.4609375 0.03125 0.05
17 0.36875 0.45859375 0.034375 0.0390625
17 0.3359375 0.45546875 0.028125 0.028125
5 0.21640625 0.67109375 0.4328125 0.38046875