5 0.865625 0.50546875 0.1171875 0.16953125
17 0.83125 0.43046875 0.075 0.0859375
10 0.7140625 0.446875 0.0296875 0.09453125
10 0.6296875 0.4359375 0.021875 0.078125
17 0.76875 0.4109375 0.04375 0.053125
17 0.890625 0.40546875 0.0421875 0.053125
17 0.5796875 0.40859375 0.03125 0.0390625
5 0.353125 0.51640625 0.240625 0.20546875
5 0.14296875 0.57890625 0.2859375 0.303125
13 0.49375 0.41953125 0.0375 0.05
17 0.4640625 0.4140625 0.0234375 0.0359375
17 0.434375 0.4109375 0.0234375 0.03359375
17 0.728125 0.4140625 0.01875 0.05859375