15 0.18515625 0.5234375 0.3703125 0.35859375
15 0.5828125 0.621875 0.30625 0.375
5 0.8328125 0.4609375 0.096875 0.11640625
17 0.9109375 0.43359375 0.0484375 0.0890625
17 0.51875 0.425 0.0890625 0.08359375
17 0.5734375 0.38046875 0.0421875 0.04453125
9 0.3796875 0.39140625 0.103125 0.11640625
5 0.1359375 0.8 0.2609375 0.396875
5 0.440625 0.428125 0.0984375 0.1
5 0.7296875 0.48046875 0.096875 0.15859375
13 0.66875 0.38359375 0.028125 0.053125
19 0.95 0.4390625 0.028125 0.10546875
17 0.80625 0.3859375 0.021875 0.03359375