5 0.8546875 0.4609375 0.20625 0.225
5 0.425 0.4890625 0.36875 0.25
9 0.2234375 0.4109375 0.3265625 0.25859375
17 0.98125 0.396875 0.0359375 0.171875
17 0.1359375 0.33359375 0.0859375 0.1140625
10 0.5015625 0.3140625 0.0234375 0.04453125
10 0.434375 0.30546875 0.0140625 0.05
10 0.4125 0.3109375 0.01875 0.04140625
8 0.70625 0.3890625 0.2125 0.21640625
15 0.9140625 0.3390625 0.103125 0.1140625
5 0.2703125 0.75546875 0.525 0.48359375
5 0.853125 0.3109375 0.046875 0.05
5 0.5453125 0.36953125 0.1359375 0.0890625