10 0.896875 0.521875 0.0890625 0.09453125
17 0.8140625 0.4609375 0.0515625 0.0640625
17 0.7515625 0.471875 0.0625 0.071875
13 0.9765625 0.453125 0.0265625 0.05546875
17 0.703125 0.4640625 0.034375 0.05546875
17 0.6390625 0.4640625 0.046875 0.05
17 0.590625 0.46640625 0.0421875 0.053125
17 0.55625 0.46640625 0.028125 0.053125
17 0.528125 0.471875 0.0375 0.0609375
15 0.475 0.4859375 0.06875 0.071875
15 0.415625 0.471875 0.0421875 0.0609375
10 0.384375 0.4859375 0.034375 0.03359375
17 0.30625 0.45546875 0.03125 0.01640625
17 0.340625 0.4640625 0.028125 0.0390625
5 0.2515625 0.54453125 0.2109375 0.14453125