5 0.56640625 0.65625 0.38984375 0.1375
17 0.40234375 0.5484375 0.06875 0.0671875
15 0.78515625 0.571875 0.23515625 0.0828125
5 0.33515625 0.5328125 0.06484375 0.0375
10 0.28984375 0.5796875 0.05625 0.0515625
17 0.19375 0.53125 0.05625 0.05
5 0.23515625 0.5265625 0.03125 0.0328125
3 0.12265625 0.528125 0.01875 0.021875
13 0.11484375 0.5109375 0.01640625 0.0203125
5 0.16015625 0.5140625 0.02265625 0.0171875
10 0.14140625 0.51875 0.01484375 0.0109375
4 0.33359375 0.5046875 0.03359375 0.0140625
15 0.275 0.509375 0.0125 0.009375
11 0.15859375 0.5015625 0.01875 0.009375