17 0.55 0.5390625 0.0453125 0.103125
17 0.590625 0.50546875 0.0375 0.05
5 0.6546875 0.51953125 0.0875 0.05
17 0.7625 0.5109375 0.0515625 0.0609375
17 0.7046875 0.5109375 0.0140625 0.053125
17 0.5140625 0.503125 0.01875 0.04140625
10 0.5 0.51953125 0.0375 0.0359375
13 0.34375 0.525 0.03125 0.0859375
10 0.36875 0.5390625 0.0171875 0.046875
17 0.2921875 0.49453125 0.0359375 0.0390625
3 0.2328125 0.51953125 0.034375 0.025
17 0.1828125 0.496875 0.0359375 0.0390625
17 0.1453125 0.49453125 0.028125 0.0359375
17 0.0953125 0.4890625 0.0265625 0.0359375
4 0.8953125 0.41953125 0.20625 0.46953125