5 0.4390625 0.8 0.2 0.23046875
5 0.6125 0.621875 0.1578125 0.19453125
17 0.5609375 0.44453125 0.0921875 0.15
17 0.465625 0.546875 0.096875 0.19140625
17 0.3 0.571875 0.0875 0.16953125
10 0.2484375 0.6859375 0.06875 0.11953125
13 0.3328125 0.66953125 0.1 0.178125
20 0.659375 0.378125 0.090625 0.10859375
17 0.8796875 0.5890625 0.0859375 0.16953125
13 0.8828125 0.78046875 0.0796875 0.23359375
5 0.90625 0.246875 0.121875 0.125
13 0.8203125 0.23046875 0.0734375 0.1359375
13 0.7671875 0.1640625 0.0484375 0.1
13 0.7140625 0.153125 0.0421875 0.09453125
11 0.9453125 0.4609375 0.1078125 0.1890625
10 0.3671875 0.49140625 0.046875 0.09140625