10 0.915625 0.56640625 0.028125 0.096875
10 0.878125 0.58046875 0.0328125 0.10546875
10 0.8234375 0.5890625 0.0234375 0.10546875
17 0.9390625 0.55546875 0.021875 0.071875
13 0.80625 0.571875 0.0125 0.04453125
9 0.6796875 0.60546875 0.0484375 0.0609375
13 0.625 0.61953125 0.03125 0.075
3 0.5625 0.69140625 0.03125 0.078125
13 0.5296875 0.64140625 0.0296875 0.078125
13 0.7828125 0.578125 0.01875 0.04453125
9 0.840625 0.55859375 0.0203125 0.025
13 0.4359375 0.671875 0.040625 0.103125
13 0.3296875 0.71953125 0.0875 0.18046875
3 0.59375 0.653125 0.0203125 0.04453125