10 0.1890625 0.55 0.0828125 0.23046875
3 0.3546875 0.521875 0.059375 0.20859375
4 0.45625 0.20546875 0.153125 0.1609375
4 0.7046875 0.28046875 0.1484375 0.196875
13 0.509375 0.453125 0.084375 0.16953125
13 0.4578125 0.596875 0.0875 0.28359375
10 0.446875 0.38359375 0.0578125 0.1359375
5 0.1984375 0.45 0.2109375 0.20859375
10 0.5859375 0.303125 0.0375 0.06640625
13 0.140625 0.84453125 0.1796875 0.30546875
13 0.2640625 0.24140625 0.0765625 0.10546875
8 0.9 0.16953125 0.0609375 0.071875
8 0.8453125 0.15859375 0.05625 0.0609375
5 0.5765625 0.40546875 0.0984375 0.15546875
9 0.6 0.26640625 0.0953125 0.121875
13 0.878125 0.44140625 0.096875 0.15546875
13 0.3640625 0.90546875 0.159375 0.1859375
13 0.44375 0.871875 0.153125 0.25
13 0.4921875 0.80859375 0.15625 0.325
13 0.578125 0.76640625 0.1296875 0.2890625
13 0.6125 0.7140625 0.1390625 0.26953125
13 0.75 0.54453125 0.115625 0.1609375
13 0.69375 0.553125 0.1 0.11953125
13 0.81875 0.503125 0.09375 0.196875
13 0.0328125 0.34453125 0.0625 0.13359375