17 0.040625 0.540625 0.08046875 0.06875
19 0.196875 0.53125 0.09140625 0.04375
19 0.30546875 0.528125 0.071875 0.0390625
10 0.25859375 0.53125 0.025 0.0328125
17 0.35 0.5265625 0.021875 0.0265625
5 0.40546875 0.525 0.04453125 0.01875
10 0.53046875 0.5234375 0.025 0.0234375
5 0.65859375 0.5265625 0.05 0.021875
5 0.61953125 0.521875 0.025 0.0140625
9 0.70859375 0.521875 0.03359375 0.025
13 0.74140625 0.528125 0.0359375 0.0390625
13 0.778125 0.5265625 0.0359375 0.0390625
13 0.90546875 0.5375 0.1109375 0.1015625