10 0.509375 0.45859375 0.0296875 0.1
11 0.6015625 0.425 0.0953125 0.078125
17 0.5453125 0.425 0.01875 0.05859375
5 0.325 0.43046875 0.0796875 0.04140625
17 0.38125 0.4140625 0.03125 0.046875
17 0.421875 0.41640625 0.0359375 0.04453125
10 0.465625 0.425 0.01875 0.028125
3 0.74375 0.45859375 0.03125 0.05546875
17 0.715625 0.421875 0.0265625 0.05546875
17 0.765625 0.41953125 0.021875 0.046875
16 0.9671875 0.4859375 0.059375 0.078125
13 0.840625 0.53359375 0.2375 0.3359375
13 0.990625 0.40859375 0.015625 0.05
17 0.659375 0.421875 0.01875 0.053125