7 0.88125 0.58046875 0.071875 0.090625
5 0.4375 0.58671875 0.0609375 0.065625
13 0.1671875 0.5890625 0.05 0.07421875
13 0.1125 0.596875 0.034375 0.07421875
11 0.04375 0.596875 0.0609375 0.071875
13 0.315625 0.56953125 0.0203125 0.03203125
18 0.53125 0.55078125 0.053125 0.07421875
13 0.58125 0.5609375 0.0125 0.0234375
18 0.4359375 0.53828125 0.021875 0.03203125
13 0.7453125 0.56953125 0.021875 0.0484375
18 0.253125 0.56796875 0.05 0.05703125
9 0.346875 0.559375 0.034375 0.0234375
18 0.39375 0.55078125 0.0234375 0.0359375