10 0.10625 0.75859375 0.2109375 0.478125
10 0.575 0.5359375 0.0484375 0.078125
10 0.728125 0.4890625 0.0421875 0.075
17 0.9046875 0.38359375 0.05625 0.0609375
17 0.790625 0.43359375 0.0484375 0.08046875
17 0.8265625 0.396875 0.04375 0.05546875
17 0.671875 0.44453125 0.05 0.05859375
10 0.6015625 0.478125 0.034375 0.03359375
17 0.4828125 0.478125 0.0328125 0.0390625
17 0.45 0.4890625 0.025 0.028125
13 0.43125 0.49140625 0.015625 0.0390625
17 0.409375 0.496875 0.0171875 0.0359375
13 0.5515625 0.475 0.0171875 0.053125