7 0.4890625 0.6765625 0.0765625 0.084375
17 0.5640625 0.85625 0.059375 0.07265625
17 0.5265625 0.8921875 0.0640625 0.065625
17 0.6046875 0.8234375 0.0546875 0.06796875
11 0.2984375 0.66015625 0.075 0.0703125
17 0.146875 0.8234375 0.0625 0.07265625
17 0.09375 0.8828125 0.0765625 0.0703125
17 0.15 0.896875 0.0671875 0.07265625
17 0.61875 0.5890625 0.0453125 0.05625
17 0.6609375 0.6171875 0.046875 0.05390625
17 0.5765625 0.634375 0.0484375 0.05390625
17 0.6625 0.66953125 0.05 0.05625
17 0.6265625 0.7140625 0.0515625 0.05625
17 0.6921875 0.70234375 0.0515625 0.0515625
17 0.71875 0.6578125 0.053125 0.0609375
19 0.8140625 0.62421875 0.065625 0.09609375
17 0.4828125 0.76015625 0.0578125 0.065625
13 0.3046875 0.84921875 0.053125 0.065625
5 0.4109375 0.6625 0.0859375 0.075
9 0.4046875 0.73515625 0.09375 0.08203125
5 0.390625 0.809375 0.0953125 0.084375
17 0.278125 0.53046875 0.0375 0.05859375
17 0.0703125 0.528125 0.0546875 0.05625
17 0.928125 0.584375 0.0421875 0.06328125
5 0.9484375 0.66484375 0.0515625 0.11484375
17 0.69375 0.575 0.0421875 0.05390625
17 0.715625 0.53046875 0.034375 0.0515625
17 0.7515625 0.51640625 0.0359375 0.06328125
17 0.725 0.48359375 0.034375 0.046875
17 0.7640625 0.4671875 0.028125 0.0515625
17 0.8234375 0.4953125 0.03125 0.0609375
19 0.7015625 0.77890625 0.103125 0.11484375
11 0.33125 0.1859375 0.0453125 0.0609375
5 0.93125 0.79296875 0.065625 0.14453125
17 0.7625 0.6296875 0.04375 0.065625
17 0.821875 0.55390625 0.0375 0.05625
5 0.6515625 0.53984375 0.06875 0.0609375
15 0.5328125 0.61015625 0.0875 0.075
5 0.5484375 0.70703125 0.084375 0.0796875
15 0.7765625 0.71640625 0.0859375 0.09375
15 0.878125 0.45078125 0.040625 0.084375
9 0.928125 0.46484375 0.040625 0.08671875
5 0.3234375 0.53046875 0.040625 0.084375
20 0.3125 0.5796875 0.059375 0.05625
5 0.059375 0.5796875 0.0921875 0.07734375
10 0.215625 0.79296875 0.04375 0.05390625
17 0.859375 0.3328125 0.0390625 0.0515625
5 0.475 0.2765625 0.046875 0.03984375
5 0.35625 0.396875 0.0328125 0.06328125
5 0.4 0.3515625 0.0375 0.05625
5 0.803125 0.453125 0.0296875 0.0796875
5 0.7796875 0.396875 0.0453125 0.0609375
5 0.7375 0.43203125 0.0296875 0.06796875
9 0.7171875 0.346875 0.04375 0.0703125
15 0.9046875 0.52109375 0.0359375 0.08671875
4 0.871875 0.209375 0.03125 0.075
5 0.6640625 0.26953125 0.0515625 0.04921875
5 0.78125 0.30234375 0.0546875 0.0515625
5 0.834375 0.3921875 0.04375 0.065625
12 0.225 0.434375 0.040625 0.0796875