10 0.5078125 0.81953125 0.2828125 0.35546875
4 0.840625 0.5 0.3125 0.996875
13 0.6453125 0.45546875 0.1140625 0.325
13 0.4578125 0.3640625 0.090625 0.2109375
9 0.1796875 0.51953125 0.309375 0.5140625
4 0.0515625 0.23046875 0.0625 0.05859375
13 0.3328125 0.3140625 0.065625 0.09453125
11 0.0421875 0.3359375 0.065625 0.178125
11 0.33125 0.3 0.084375 0.0859375
10 0.259375 0.30546875 0.021875 0.075
15 0.3453125 0.4859375 0.1359375 0.29453125
5 0.2390625 0.35859375 0.10625 0.11640625
13 0.215625 0.28046875 0.0375 0.05546875