3 0.4078125 0.8140625 0.209375 0.30859375
17 0.434375 0.596875 0.1875 0.26953125
3 0.6421875 0.59453125 0.1 0.2640625
3 0.7359375 0.5890625 0.071875 0.278125
17 0.6484375 0.496875 0.0734375 0.1109375
9 0.565625 0.475 0.090625 0.146875
9 0.2390625 0.575 0.3234375 0.3140625
11 0.3859375 0.4390625 0.1765625 0.11953125
5 0.971875 0.48046875 0.0515625 0.075
17 0.8265625 0.48359375 0.053125 0.0890625
10 0.0390625 0.49453125 0.0765625 0.10546875
3 0.121875 0.46640625 0.05 0.05546875
10 0.2046875 0.46640625 0.0515625 0.08046875
3 0.065625 0.778125 0.1265625 0.403125
3 0.7828125 0.5359375 0.0421875 0.15859375