9 0.3859375 0.33046875 0.228125 0.375
3 0.2203125 0.378125 0.090625 0.11953125
3 0.6625 0.346875 0.05 0.253125
13 0.8421875 0.41640625 0.2046875 0.3609375
3 0.965625 0.375 0.0671875 0.253125
13 0.259375 0.2 0.034375 0.0890625
11 0.20625 0.2 0.0921875 0.1859375
17 0.03125 0.1890625 0.0421875 0.075
13 0.5375 0.21953125 0.0375 0.1
13 0.48125 0.23359375 0.04375 0.128125
13 0.896875 0.2890625 0.0765625 0.15859375
13 0.7640625 0.2609375 0.0609375 0.128125
9 0.06875 0.175 0.0359375 0.09140625
4 0.2734375 0.153125 0.06875 0.103125
4 0.146875 0.1359375 0.03125 0.05859375
13 0.796875 0.228125 0.0578125 0.103125
13 0.5703125 0.2109375 0.025 0.09453125
17 0.6078125 0.21640625 0.0546875 0.103125
13 0.00625 0.178125 0.0125 0.06640625
13 0.965625 0.2109375 0.04375 0.0640625