15 0.62265625 0.559375 0.2625 0.1171875
5 0.45625 0.5203125 0.07265625 0.0359375
10 0.34609375 0.5359375 0.03515625 0.0296875
10 0.375 0.53125 0.025 0.0265625
5 0.275 0.5171875 0.07890625 0.0421875
3 0.17265625 0.5109375 0.025 0.0484375
13 0.15625 0.49375 0.01484375 0.0171875
5 0.23984375 0.5 0.02265625 0.01875
11 0.20234375 0.496875 0.0375 0.0390625
4 0.28125 0.4875 0.01640625 0.0109375
4 0.30234375 0.4890625 0.01640625 0.009375
19 0.3375 0.5046875 0.05390625 0.034375
3 0.14609375 0.5015625 0.0125 0.0265625
5 0.22734375 0.4953125 0.0125 0.0109375