17 0.6703125 0.678125 0.2875 0.55
17 0.5703125 0.3609375 0.0609375 0.0859375
5 0.3703125 0.55859375 0.359375 0.30859375
5 0.08203125 0.546875 0.1640625 0.28359375
5 0.2 0.4390625 0.25 0.14140625
5 0.921875 0.453125 0.1390625 0.15546875
11 0.615625 0.34140625 0.0875 0.1
10 0.4015625 0.353125 0.025 0.046875
10 0.4203125 0.35 0.0171875 0.05
5 0.2546875 0.346875 0.096875 0.0609375
10 0.484375 0.346875 0.021875 0.046875
5 0.853125 0.38359375 0.0625 0.06953125
5 0.9875 0.4140625 0.021875 0.0890625
5 0.971875 0.36640625 0.0515625 0.06640625