20 0.325 0.5140625 0.296875 0.3109375
20 0.528125 0.421875 0.13125 0.18359375
20 0.5984375 0.371875 0.0734375 0.14140625
13 0.85 0.6359375 0.2875 0.721875
13 0.846875 0.4109375 0.1359375 0.2640625
13 0.7265625 0.40859375 0.0578125 0.25
13 0.10625 0.5109375 0.2109375 0.275
13 0.1640625 0.45546875 0.084375 0.25859375
13 0.3453125 0.35 0.071875 0.096875
13 0.4015625 0.34140625 0.065625 0.08046875
5 0.64375 0.30859375 0.0390625 0.0609375
17 0.6875 0.31953125 0.040625 0.09453125
4 0.721875 0.28046875 0.05 0.096875
4 0.9359375 0.26953125 0.0859375 0.075
19 0.9640625 0.35859375 0.0703125 0.15859375
4 0.76875 0.25546875 0.053125 0.046875
13 0.6015625 0.29453125 0.015625 0.04140625
13 0.509375 0.30859375 0.0234375 0.04140625