4 0.3359375 0.6859375 0.1875 0.225
4 0.065625 0.80859375 0.13125 0.33046875
4 0.45 0.56953125 0.1578125 0.128125
4 0.7140625 0.546875 0.0546875 0.1359375
13 0.7921875 0.61953125 0.028125 0.078125
5 0.61875 0.54140625 0.0328125 0.05
4 0.5734375 0.46640625 0.03125 0.071875
20 0.8921875 0.671875 0.040625 0.10546875
13 0.9765625 0.65859375 0.0375 0.0859375
7 0.878125 0.55 0.0265625 0.06953125
7 0.796875 0.5 0.0265625 0.046875
4 0.4609375 0.4890625 0.0765625 0.0390625
4 0.4453125 0.503125 0.0734375 0.04140625
13 0.821875 0.61640625 0.028125 0.071875