10 0.934375 0.471875 0.03125 0.09140625
13 0.8640625 0.4859375 0.1015625 0.15
17 0.5234375 0.475 0.0453125 0.053125
17 0.596875 0.471875 0.046875 0.053125
13 0.665625 0.45859375 0.025 0.04140625
13 0.68125 0.453125 0.01875 0.04140625
13 0.2953125 0.5140625 0.040625 0.10859375
4 0.39375 0.46640625 0.15 0.11640625
17 0.184375 0.525 0.04375 0.0890625
10 0.24375 0.5140625 0.0375 0.0390625
17 0.215625 0.5 0.0171875 0.0609375
17 0.2671875 0.4890625 0.015625 0.04140625
3 0.125 0.51640625 0.03125 0.03359375
17 0.06875 0.496875 0.0375 0.046875
10 0.046875 0.65 0.0546875 0.14453125
17 0.1453125 0.49453125 0.0140625 0.0390625