5 0.3625 0.73359375 0.446875 0.53046875
5 0.7328125 0.7359375 0.53125 0.521875
13 0.8390625 0.45 0.1953125 0.18046875
17 0.615625 0.41953125 0.05625 0.15
17 0.23125 0.321875 0.0625 0.046875
11 0.1109375 0.25859375 0.053125 0.078125
17 0.115625 0.29453125 0.0265625 0.0390625
5 0.1546875 0.45 0.15625 0.225
5 0.28125 0.40859375 0.1171875 0.146875
5 0.4328125 0.496875 0.2453125 0.246875
5 0.5109375 0.43359375 0.1671875 0.15859375
11 0.3828125 0.33359375 0.0875 0.1
13 0.41875 0.35 0.05 0.0859375
19 0.7265625 0.4640625 0.0890625 0.11953125
13 0.3171875 0.31953125 0.0390625 0.0359375
13 0.26875 0.321875 0.028125 0.05859375
5 0.1546875 0.325 0.05625 0.0640625
4 0.075 0.26640625 0.0375 0.05859375
4 0.1453125 0.26953125 0.025 0.046875
5 0.10625 0.371875 0.071875 0.103125
17 0.9703125 0.6140625 0.05625 0.34140625
4 0.0140625 0.2609375 0.028125 0.04140625