4 0.24375 0.5109375 0.396875 0.4609375
13 0.0359375 0.6640625 0.071875 0.26640625
15 0.49375 0.48359375 0.0546875 0.071875
13 0.7484375 0.53046875 0.053125 0.13359375
19 0.8203125 0.5390625 0.065625 0.128125
8 0.6859375 0.46953125 0.05625 0.1140625
13 0.640625 0.4859375 0.0265625 0.0890625
17 0.5828125 0.45859375 0.015625 0.04140625
17 0.6015625 0.45859375 0.0125 0.04453125
17 0.5265625 0.471875 0.021875 0.053125
8 0.4421875 0.475 0.028125 0.103125
13 0.4359375 0.49453125 0.0125 0.0609375
4 0.4953125 0.44453125 0.034375 0.04140625
19 0.615625 0.48046875 0.0234375 0.078125
13 0.9703125 0.6140625 0.0515625 0.2609375
13 0.4671875 0.46640625 0.015625 0.04140625
5 0.0671875 0.878125 0.134375 0.2390625
13 0.0375 0.571875 0.04375 0.1109375