13 0.4015625 0.6140625 0.1125 0.31640625
11 0.6015625 0.59140625 0.1296875 0.3359375
4 0.2671875 0.35546875 0.221875 0.10546875
13 0.5390625 0.49453125 0.046875 0.15546875
13 0.946875 0.51640625 0.0890625 0.1359375
13 0.4890625 0.46640625 0.03125 0.103125
4 0.3875 0.371875 0.04375 0.0640625
13 0.8375 0.78046875 0.321875 0.40859375
13 0.303125 0.48359375 0.075 0.146875
13 0.246875 0.53359375 0.1875 0.23046875
13 0.1921875 0.603125 0.225 0.353125
13 0.13125 0.6640625 0.2625 0.45546875
13 0.1296875 0.7109375 0.2578125 0.4359375
13 0.70625 0.453125 0.040625 0.075
13 0.396875 0.43046875 0.0296875 0.04140625
13 0.440625 0.43046875 0.0234375 0.046875
13 0.421875 0.4359375 0.0265625 0.05