5 0.3765625 0.45859375 0.19375 0.225
5 0.2171875 0.38359375 0.09375 0.13359375
15 0.76875 0.671875 0.453125 0.63359375
15 0.70625 0.321875 0.1125 0.09140625
5 0.803125 0.353125 0.096875 0.08046875
5 0.8875 0.35546875 0.08125 0.096875
5 0.9640625 0.3640625 0.0703125 0.10546875
5 0.53125 0.44140625 0.0765625 0.18046875
5 0.4109375 0.38046875 0.1265625 0.13046875
5 0.296875 0.34453125 0.0640625 0.078125
17 0.3015625 0.29453125 0.034375 0.03359375
5 0.0875 0.33359375 0.059375 0.0890625
5 0.265625 0.3109375 0.03125 0.05546875
5 0.328125 0.30859375 0.0328125 0.05546875
10 0.5734375 0.34453125 0.025 0.04453125
10 0.6 0.3359375 0.0296875 0.03046875