17 0.9546875 0.53359375 0.0375 0.078125
10 0.9265625 0.546875 0.028125 0.0890625
10 0.8796875 0.5640625 0.0265625 0.1
10 0.834375 0.578125 0.0265625 0.10859375
9 0.8546875 0.54453125 0.015625 0.03046875
13 0.8140625 0.5609375 0.0140625 0.04453125
3 0.51875 0.68359375 0.0375 0.078125
13 0.4765625 0.66953125 0.0453125 0.13046875
9 0.603125 0.625 0.075 0.096875
13 0.7796875 0.571875 0.025 0.05859375
3 0.375 0.796875 0.0796875 0.1109375
13 0.3984375 0.6890625 0.0390625 0.10546875
13 0.3 0.73046875 0.0703125 0.14140625
13 0.353125 0.66953125 0.0296875 0.06640625
20 0.1046875 0.78046875 0.1375 0.1859375
3 0.2109375 0.79453125 0.025 0.09140625