17 0.365625 0.83046875 0.1109375 0.1390625
10 0.45625 0.91640625 0.078125 0.09453125
5 0.06328125 0.80703125 0.1265625 0.153125
11 0.7546875 0.4640625 0.196875 0.153125
4 0.8171875 0.80546875 0.3625 0.2859375
4 0.203125 0.34140625 0.24375 0.178125
11 0.390625 0.571875 0.1796875 0.125
5 0.671875 0.58046875 0.1421875 0.1
9 0.8703125 0.5609375 0.146875 0.13046875
15 0.7078125 0.34140625 0.1375 0.103125
13 0.8953125 0.4109375 0.075 0.103125
10 0.4515625 0.41640625 0.0546875 0.06953125
10 0.596875 0.4359375 0.0578125 0.09140625
11 0.0796875 0.471875 0.140625 0.121875
0 0.1484375 0.571875 0.1875 0.1390625