5 0.35625 0.2796875 0.14140625 0.071875
5 0.83515625 0.415625 0.32265625 0.29375
5 0.0625 0.2671875 0.07109375 0.0390625
5 0.1625 0.259375 0.04375 0.0328125
10 0.18984375 0.2625 0.02734375 0.0453125
10 0.21484375 0.2671875 0.025 0.05
5 0.23515625 0.2640625 0.04375 0.0375
5 0.25625 0.2578125 0.03359375 0.0265625
17 0.09140625 0.259375 0.04375 0.040625
11 0.15625 0.2390625 0.04609375 0.025
10 0.12890625 0.253125 0.01484375 0.0265625
4 0.09140625 0.234375 0.02734375 0.0109375
4 0.06484375 0.2359375 0.02265625 0.009375
3 0.01015625 0.2625 0.01875 0.040625