5 0.346875 0.90859375 0.1765625 0.1609375
15 0.478125 0.83046875 0.18125 0.19140625
5 0.2921875 0.725 0.128125 0.13046875
5 0.2 0.75546875 0.121875 0.14140625
13 0.115625 0.7859375 0.09375 0.175
5 0.153125 0.58046875 0.0671875 0.0890625
13 0.6265625 0.7609375 0.121875 0.13359375
13 0.6703125 0.70859375 0.1265625 0.1609375
13 0.75 0.7 0.090625 0.1140625
13 0.8921875 0.7140625 0.096875 0.14140625
13 0.7875 0.6640625 0.09375 0.13046875
13 0.8875 0.6140625 0.034375 0.08359375
5 0.5515625 0.56640625 0.053125 0.09453125
15 0.5890625 0.54140625 0.0484375 0.0890625
5 0.35 0.53046875 0.0453125 0.078125
5 0.4109375 0.5359375 0.0390625 0.0890625
15 0.4625 0.53046875 0.0390625 0.0859375
5 0.521875 0.51953125 0.0421875 0.06953125
19 0.5796875 0.475 0.0375 0.06640625
5 0.51875 0.475 0.034375 0.0359375
5 0.4734375 0.5 0.0390625 0.06640625
9 0.475 0.4609375 0.034375 0.05546875
5 0.4078125 0.49140625 0.034375 0.05
19 0.43125 0.45546875 0.034375 0.075
5 0.3609375 0.49140625 0.040625 0.05859375
11 0.365625 0.4390625 0.0359375 0.06953125
17 0.3984375 0.46640625 0.0203125 0.05
5 0.0359375 0.496875 0.0578125 0.046875
1 0.115625 0.44140625 0.0953125 0.10546875
13 0.0390625 0.70546875 0.078125 0.15546875
17 0.575 0.4359375 0.0203125 0.01953125
17 0.5625 0.43046875 0.01875 0.03359375
17 0.5421875 0.41953125 0.021875 0.028125
5 0.5390625 0.453125 0.028125 0.046875
5 0.553125 0.471875 0.0234375 0.04453125
17 0.5046875 0.4609375 0.0203125 0.046875
9 0.465625 0.44140625 0.0296875 0.0609375
11 0.459375 0.39453125 0.021875 0.05
19 0.484375 0.38359375 0.0203125 0.03359375
19 0.5015625 0.421875 0.0265625 0.053125
0 0.5265625 0.38359375 0.0234375 0.0359375
5 0.525 0.41953125 0.0171875 0.03359375
4 0.496875 0.325 0.01875 0.0359375
4 0.4796875 0.33359375 0.01875 0.0359375
5 0.4890625 0.3640625 0.0140625 0.00859375
7 0.4234375 0.38046875 0.0171875 0.03359375
17 0.4421875 0.4 0.0109375 0.0359375
9 0.4265625 0.4140625 0.0265625 0.04140625
5 0.3921875 0.41953125 0.01875 0.03359375
5 0.3921875 0.39453125 0.01875 0.0140625
9 0.3953125 0.38046875 0.0203125 0.0390625
15 0.4046875 0.3609375 0.0171875 0.021875
11 0.41875 0.33046875 0.0140625 0.021875
17 0.309375 0.39140625 0.015625 0.03046875
9 0.390625 0.31953125 0.0125 0.0140625
19 0.4265625 0.353125 0.015625 0.021875
18 0.45625 0.36953125 0.021875 0.021875
19 0.45 0.34453125 0.0125 0.01953125
17 0.4625 0.353125 0.009375 0.00859375
9 0.509375 0.371875 0.0171875 0.0390625