17 0.09765625 0.5046875 0.19140625 0.1140625
10 0.27734375 0.46875 0.03125 0.0390625
5 0.45 0.4671875 0.03515625 0.0203125
7 0.38984375 0.459375 0.02890625 0.0265625
15 0.46875 0.4625 0.02265625 0.01875
10 0.5125 0.4625 0.00859375 0.0125
5 0.49765625 0.4578125 0.00859375 0.00625
4 0.51875 0.45625 0.01015625 0.0125
13 0.54140625 0.4609375 0.01015625 0.0125
4 0.54375 0.4578125 0.00859375 0.009375
10 0.53125 0.459375 0.00234375 0.0046875
5 0.8 0.4765625 0.10234375 0.0265625
15 0.71015625 0.46875 0.05625 0.025
5 0.65 0.4671875 0.02890625 0.0125
5 0.61484375 0.4640625 0.02265625 0.0140625
15 0.6 0.4625 0.01484375 0.009375
4 0.55234375 0.45625 0.00859375 0.00625
15 0.56640625 0.459375 0.0125 0.0046875
10 0.67734375 0.4671875 0.00859375 0.0109375
13 0.42265625 0.4609375 0.01484375 0.0171875
10 0.94375 0.48125 0.02734375 0.0375