5 0.209375 0.703125 0.090625 0.153125
5 0.3359375 0.7140625 0.090625 0.171875
15 0.4453125 0.71640625 0.0890625 0.18359375
5 0.628125 0.771875 0.1125 0.171875
15 0.7140625 0.7109375 0.109375 0.16640625
19 0.690625 0.603125 0.0734375 0.14453125
5 0.6328125 0.578125 0.0453125 0.09453125
19 0.378125 0.54453125 0.059375 0.14453125
9 0.4703125 0.646875 0.0765625 0.15546875
5 0.234375 0.625 0.08125 0.13046875
11 0.2453125 0.50546875 0.06875 0.1390625
11 0.2984375 0.46953125 0.0421875 0.078125
17 0.309375 0.56640625 0.04375 0.10546875
11 0.4390625 0.421875 0.05 0.13046875
9 0.4515625 0.51640625 0.0546875 0.11640625
9 0.4703125 0.55546875 0.0734375 0.1140625
17 0.5328125 0.553125 0.04375 0.096875
5 0.56875 0.678125 0.0859375 0.146875
17 0.68125 0.5109375 0.0484375 0.04453125
17 0.6546875 0.48359375 0.040625 0.05859375
17 0.6140625 0.475 0.0453125 0.06640625
19 0.5265625 0.48046875 0.0625 0.1140625
11 0.5390625 0.5109375 0.05 0.071875
5 0.5609375 0.6 0.08125 0.09140625
5 0.60625 0.5359375 0.065625 0.0890625
15 0.578125 0.471875 0.0375 0.08359375
19 0.490625 0.4 0.0421875 0.08046875
17 0.403125 0.421875 0.025 0.06640625
9 0.371875 0.4640625 0.05625 0.10546875
7 0.3625 0.3890625 0.0390625 0.06640625
19 0.38125 0.371875 0.0359375 0.06953125
9 0.30625 0.38046875 0.0421875 0.06953125
5 0.2984375 0.428125 0.04375 0.03359375
5 0.2953125 0.428125 0.040625 0.03359375
5 0.3234375 0.36953125 0.0328125 0.05546875
9 0.328125 0.353125 0.0328125 0.046875
19 0.346875 0.3140625 0.03125 0.04140625
5 0.0875 0.46953125 0.06875 0.08046875
19 0.41875 0.31640625 0.0296875 0.04453125
4 0.48125 0.3 0.046875 0.0859375
4 0.4734375 0.25546875 0.0375 0.1
4 0.5171875 0.28359375 0.0375 0.08046875
0 0.5796875 0.396875 0.05 0.06640625
5 0.5765625 0.46953125 0.046875 0.075
15 0.6015625 0.425 0.0421875 0.03359375
9 0.5453125 0.3640625 0.034375 0.0359375
5 0.503125 0.35859375 0.0359375 0.021875
19 0.521875 0.31953125 0.025 0.04453125
15 0.525 0.3390625 0.0265625 0.03046875
5 0.234375 0.33359375 0.0265625 0.028125
4 0.4203125 0.23359375 0.0265625 0.04140625
19 0.4296875 0.3 0.028125 0.03359375
11 0.35625 0.28359375 0.0234375 0.0359375
11 0.39375 0.26953125 0.025 0.03359375
19 0.384375 0.3109375 0.025 0.04453125
9 0.421875 0.271875 0.0234375 0.03046875
4 0.3765625 0.225 0.0234375 0.04140625
5 0.0125 0.61953125 0.025 0.1
10 0.146875 0.346875 0.0125 0.05859375