11 0.371875 0.296875 0.0328125 0.0890625
5 0.2984375 0.33046875 0.028125 0.04140625
17 0.103125 0.49140625 0.0640625 0.09453125
5 0.1875 0.36640625 0.0453125 0.04140625
4 0.0515625 0.89140625 0.1 0.2
17 0.115625 0.43046875 0.046875 0.0390625
17 0.734375 0.64453125 0.0828125 0.15859375
17 0.68125 0.46953125 0.0515625 0.09453125
17 0.665625 0.4359375 0.046875 0.078125
17 0.628125 0.3390625 0.0296875 0.03046875
17 0.6640625 0.34140625 0.0296875 0.0390625
17 0.628125 0.378125 0.03125 0.04453125
9 0.640625 0.646875 0.134375 0.2390625
9 0.5546875 0.4 0.0546875 0.071875
15 0.5375 0.328125 0.0390625 0.0359375
5 0.5703125 0.55 0.0765625 0.128125
10 0.5171875 0.4859375 0.0265625 0.103125
5 0.7421875 0.875 0.1515625 0.2390625
5 0.7828125 0.746875 0.071875 0.15546875
5 0.7703125 0.5640625 0.0984375 0.14140625
5 0.665625 0.5609375 0.090625 0.1140625
5 0.7546875 0.45859375 0.065625 0.08359375
15 0.7921875 0.5 0.0515625 0.08359375
15 0.796875 0.41953125 0.0421875 0.0609375
5 0.696875 0.403125 0.0671875 0.075
5 0.5140625 0.45 0.0578125 0.0890625
5 0.490625 0.403125 0.0484375 0.06953125
5 0.4734375 0.36953125 0.034375 0.0640625
15 0.5375 0.33046875 0.0375 0.0390625
15 0.5890625 0.34453125 0.0421875 0.05
17 0.590625 0.3140625 0.025 0.028125
17 0.628125 0.31640625 0.0234375 0.0140625
17 0.5484375 0.30546875 0.021875 0.01953125
15 0.515625 0.30859375 0.03125 0.03359375
17 0.484375 0.31953125 0.0203125 0.0359375
19 0.446875 0.3140625 0.03125 0.0609375
4 0.4984375 0.246875 0.04375 0.046875
15 0.5203125 0.2890625 0.025 0.025
11 0.4796875 0.25546875 0.0265625 0.03359375
5 0.346875 0.25859375 0.01875 0.028125
9 0.4234375 0.278125 0.021875 0.04140625
19 0.4359375 0.253125 0.01875 0.03046875
5 0.4734375 0.3140625 0.021875 0.03359375
5 0.4984375 0.346875 0.0359375 0.04453125
5 0.5234375 0.36953125 0.0359375 0.05
5 0.559375 0.3609375 0.0453125 0.0359375
5 0.5765625 0.303125 0.028125 0.01953125
4 0.44375 0.20859375 0.025 0.03046875
17 0.0265625 0.596875 0.053125 0.0859375
9 0.921875 0.50859375 0.134375 0.14453125
9 0.9046875 0.68359375 0.1859375 0.24140625
15 0.86875 0.825 0.228125 0.3
10 0.309375 0.21640625 0.00625 0.01640625
17 0.3171875 0.20859375 0.0078125 0.01640625
17 0.3296875 0.20546875 0.00625 0.0140625