5 0.59609375 0.4875 0.34375 0.121875
5 0.5125 0.440625 0.13359375 0.0484375
5 0.0875 0.4421875 0.12265625 0.059375
10 0.25 0.4375 0.0375 0.0578125
10 0.2125 0.4296875 0.0375 0.0546875
10 0.16875 0.4203125 0.02109375 0.0328125
5 0.25625 0.4296875 0.06875 0.04375
11 0.15859375 0.40625 0.04609375 0.0359375
5 0.18984375 0.4140625 0.01875 0.01875
4 0.23359375 0.4015625 0.03359375 0.0140625
4 0.07265625 0.3953125 0.02734375 0.0140625
17 0.10859375 0.4140625 0.04765625 0.0265625
5 0.07109375 0.4078125 0.02734375 0.009375
5 0.025 0.4109375 0.01640625 0.0171875
4 0.04765625 0.3953125 0.02265625 0.009375
5 0.14765625 0.425 0.02734375 0.034375