11 0.1765625 0.68359375 0.165625 0.39453125
5 0.3875 0.728125 0.1234375 0.271875
9 0.490625 0.55859375 0.096875 0.25546875
17 0.634375 0.828125 0.1 0.3
19 0.71875 0.671875 0.1625 0.3140625
11 0.5203125 0.41640625 0.071875 0.11953125
5 0.590625 0.396875 0.0609375 0.1109375
17 0.6734375 0.378125 0.059375 0.1109375
5 0.69375 0.49140625 0.09375 0.11953125
17 0.603125 0.2890625 0.0359375 0.078125
10 0.6171875 0.3390625 0.025 0.08046875
9 0.5046875 0.296875 0.0546875 0.10546875
5 0.4375 0.325 0.0546875 0.09453125
11 0.4375 0.23359375 0.0421875 0.1140625
17 0.4859375 0.225 0.0265625 0.0609375
5 0.053125 0.45546875 0.10625 0.1359375
5 0.0828125 0.30859375 0.078125 0.0890625
5 0.2171875 0.20546875 0.034375 0.05546875
5 0.275 0.43359375 0.08125 0.13359375
5 0.30625 0.321875 0.05625 0.09453125
5 0.31875 0.25546875 0.046875 0.071875
5 0.33125 0.20546875 0.0375 0.0609375
15 0.375 0.4359375 0.0890625 0.171875
17 0.4515625 0.3859375 0.04375 0.11953125
7 0.378125 0.2390625 0.040625 0.1109375
5 0.5328125 0.228125 0.034375 0.0640625
17 0.3125 0.9609375 0.1140625 0.06640625
15 0.5078125 0.88046875 0.0921875 0.225
0 0.5328125 0.16953125 0.034375 0.0609375
17 0.5640625 0.246875 0.0328125 0.075
5 0.5515625 0.2 0.0265625 0.05
5 0.496875 0.19140625 0.046875 0.05
19 0.4734375 0.16640625 0.0296875 0.0609375
17 0.4109375 0.203125 0.0125 0.05859375
17 0.4328125 0.15859375 0.0203125 0.03046875
5 0.49375 0.153125 0.01875 0.028125
5 0.48125 0.13046875 0.025 0.01640625
4 0.46875 0.09140625 0.0296875 0.05546875
4 0.49375 0.08046875 0.028125 0.05859375
4 0.4640625 0.04453125 0.025 0.04453125
4 0.428125 0.04140625 0.01875 0.03046875
4 0.3984375 0.03359375 0.015625 0.03359375
18 0.434375 0.14453125 0.0296875 0.05859375
19 0.3984375 0.15 0.0265625 0.05546875
19 0.39375 0.11640625 0.021875 0.04453125
13 0.95625 0.51953125 0.08125 0.16953125
13 0.865625 0.4859375 0.0890625 0.153125
19 0.3390625 0.1609375 0.034375 0.075
5 0.359375 0.13359375 0.0234375 0.0390625
5 0.3640625 0.11953125 0.0234375 0.03359375
19 0.3765625 0.1 0.0203125 0.0390625
11 0.384375 0.075 0.0171875 0.028125
19 0.403125 0.09140625 0.0171875 0.025
19 0.425 0.096875 0.0203125 0.03046875
17 0.4203125 0.13046875 0.0140625 0.04140625
9 0.434375 0.0859375 0.0203125 0.025
5 0.446875 0.078125 0.0078125 0.025
19 0.409375 0.0609375 0.015625 0.01953125
10 0.2859375 0.096875 0.0078125 0.03359375
10 0.2921875 0.08359375 0.0078125 0.028125
17 0.325 0.06953125 0.0109375 0.028125
17 0.3390625 0.05 0.009375 0.021875
5 0.35 0.04140625 0.009375 0.01640625
10 0.3640625 0.04140625 0.0046875 0.01640625
1 0.0125 0.20546875 0.025 0.13359375