9 0.2703125 0.878125 0.215625 0.23046875
10 0.4 0.90859375 0.0640625 0.16953125
5 0.4765625 0.73359375 0.1203125 0.1609375
5 0.5734375 0.83359375 0.1328125 0.2
9 0.6078125 0.678125 0.1 0.1609375
15 0.5859375 0.60859375 0.096875 0.1140625
17 0.7484375 0.7890625 0.0578125 0.16953125
13 0.659375 0.8859375 0.06875 0.221875
17 0.66875 0.56953125 0.0453125 0.1
17 0.7265625 0.54140625 0.0359375 0.071875
11 0.7015625 0.51640625 0.05 0.071875
18 0.7890625 0.5 0.0640625 0.14453125
18 0.7421875 0.6359375 0.103125 0.13046875
13 0.703125 0.70859375 0.04375 0.1359375
13 0.8078125 0.6609375 0.0359375 0.146875
14 0.1859375 0.75 0.0671875 0.1109375
13 0.15625 0.65546875 0.0875 0.10859375
15 0.1234375 0.5390625 0.0890625 0.08359375
14 0.284375 0.5890625 0.0375 0.046875
5 0.7484375 0.4859375 0.03125 0.06953125
5 0.7765625 0.56640625 0.0578125 0.05859375
5 0.8265625 0.4359375 0.03125 0.0390625
5 0.84375 0.41640625 0.021875 0.03359375
5 0.8484375 0.521875 0.034375 0.0640625
5 0.66875 0.425 0.0453125 0.0390625
9 0.2671875 0.51953125 0.071875 0.0640625