5 0.3953125 0.7359375 0.2109375 0.14453125
4 0.6640625 0.63359375 0.2515625 0.2640625
5 0.8953125 0.7 0.0328125 0.10546875
4 0.9515625 0.671875 0.0953125 0.3859375
17 0.8140625 0.6640625 0.0265625 0.0609375
5 0.8546875 0.65859375 0.034375 0.04140625
9 0.8328125 0.65 0.015625 0.0390625
17 0.03828125 0.78203125 0.0765625 0.2140625
17 0.215625 0.703125 0.071875 0.10859375
13 0.325 0.68359375 0.05625 0.08046875
4 0.26875 0.653125 0.18125 0.09453125
13 0.525 0.6609375 0.0203125 0.053125
13 0.496875 0.6640625 0.0171875 0.04453125
13 0.4703125 0.6609375 0.03125 0.053125