5 0.85 0.45625 0.29765625 0.29375
5 0.37734375 0.3109375 0.14375 0.0671875
5 0.41640625 0.296875 0.06875 0.0453125
5 0.08359375 0.296875 0.07109375 0.040625
5 0.18359375 0.2890625 0.04375 0.0296875
10 0.23515625 0.2953125 0.03125 0.046875
5 0.27734375 0.2875 0.03125 0.025
17 0.11484375 0.2890625 0.04375 0.040625
3 0.03125 0.2921875 0.02265625 0.04375
10 0.15234375 0.2828125 0.01875 0.028125
4 0.0875 0.2640625 0.02109375 0.0078125
11 0.17890625 0.2640625 0.04140625 0.021875
10 0.2125 0.290625 0.02734375 0.0453125
4 0.11484375 0.2625 0.025 0.0109375
5 0.25390625 0.290625 0.04765625 0.0375
4 0.30390625 0.265625 0.03359375 0.0125