5 0.69375 0.6390625 0.0890625 0.1140625
13 0.603125 0.63046875 0.0421875 0.1109375
4 0.55 0.55859375 0.0453125 0.09140625
13 0.4203125 0.603125 0.0671875 0.0890625
5 0.2265625 0.68359375 0.2421875 0.14453125
5 0.61875 0.5859375 0.0375 0.05
16 0.6390625 0.56640625 0.0234375 0.0390625
5 0.6015625 0.54453125 0.03125 0.05546875
5 0.740625 0.575 0.0453125 0.04140625
5 0.6625 0.5609375 0.021875 0.028125
13 0.4578125 0.6 0.0609375 0.071875
15 0.5 0.5640625 0.0171875 0.025
5 0.8921875 0.60546875 0.0921875 0.06953125