13 0.834375 0.74453125 0.3171875 0.48046875
17 0.33125 0.55 0.26875 0.371875
13 0.44375 0.696875 0.2453125 0.59140625
13 0.725 0.646875 0.2046875 0.55546875
13 0.575 0.56953125 0.153125 0.453125
7 0.9125 0.35546875 0.1328125 0.196875
13 0.1046875 0.553125 0.18125 0.26953125
13 0.78125 0.40546875 0.10625 0.14453125
4 0.875 0.26953125 0.15 0.121875
4 0.6171875 0.271875 0.0484375 0.078125
13 0.6890625 0.3390625 0.046875 0.08359375
11 0.278125 0.346875 0.05625 0.0890625
7 0.55625 0.3 0.0359375 0.0640625
11 0.1 0.36640625 0.125 0.11640625
13 0.25 0.3890625 0.059375 0.096875