5 0.1546875 0.925 0.290625 0.1390625
5 0.4953125 0.928125 0.2578125 0.1359375
11 0.515625 0.821875 0.2 0.1859375
9 0.7359375 0.69453125 0.1609375 0.2
5 0.8703125 0.73359375 0.15 0.178125
11 0.7375 0.90546875 0.1953125 0.175
5 0.9015625 0.59140625 0.1125 0.1109375
13 0.9515625 0.83359375 0.0828125 0.246875
13 0.965625 0.921875 0.05625 0.13359375
15 0.9765625 0.51640625 0.040625 0.096875
10 0.1265625 0.7640625 0.090625 0.11953125
13 0.465625 0.56953125 0.06875 0.13046875
15 0.434375 0.44453125 0.075 0.08359375
10 0.4921875 0.54140625 0.0171875 0.05
9 0.55625 0.45 0.065625 0.0609375
14 0.571875 0.5140625 0.034375 0.04140625
5 0.01796875 0.578125 0.0359375 0.1
17 0.015625 0.50546875 0.0296875 0.0609375