15 0.68984375 0.4796875 0.51484375 0.2109375
3 0.00625 0.3875 0.0125 0.0375
5 0.07265625 0.3890625 0.05859375 0.034375
5 0.29140625 0.4 0.10859375 0.053125
5 0.17265625 0.390625 0.03125 0.04375
11 0.14609375 0.371875 0.03984375 0.0359375
5 0.20234375 0.3875 0.03984375 0.0328125
5 0.23359375 0.38125 0.03515625 0.0203125
5 0.15625 0.384375 0.02265625 0.028125
4 0.0875 0.3609375 0.02890625 0.0109375
4 0.0625 0.3625 0.01875 0.0078125
17 0.10859375 0.375 0.02109375 0.01875
17 0.08125 0.375 0.02734375 0.015625
10 0.10234375 0.378125 0.0125 0.025
10 0.0375 0.378125 0.01015625 0.021875
9 0.12109375 0.371875 0.0125 0.015625
4 0.2875 0.3640625 0.03125 0.0171875
5 0.34140625 0.3890625 0.05859375 0.0390625