15 0.8890625 0.9140625 0.1859375 0.16640625
5 0.64375 0.89453125 0.15625 0.20546875
5 0.709375 0.68359375 0.103125 0.19140625
17 0.8390625 0.625 0.0921875 0.0859375
17 0.7921875 0.596875 0.0796875 0.146875
17 0.721875 0.55859375 0.0796875 0.125
17 0.5796875 0.696875 0.078125 0.175
17 0.35625 0.478125 0.05625 0.14140625
17 0.19375 0.71640625 0.08125 0.19453125
17 0.375 0.353125 0.040625 0.0859375
17 0.15 0.19453125 0.0265625 0.0640625
5 0.0484375 0.90859375 0.09375 0.178125
5 0.2390625 0.91953125 0.159375 0.15859375
15 0.425 0.90546875 0.159375 0.18046875
9 0.465625 0.846875 0.15625 0.253125
9 0.4703125 0.7 0.1359375 0.203125
9 0.4390625 0.63046875 0.115625 0.20546875
19 0.309375 0.68359375 0.134375 0.26640625
9 0.303125 0.55 0.109375 0.20859375
7 0.2875 0.40859375 0.0765625 0.13046875
0 0.6640625 0.43046875 0.084375 0.146875
19 0.565625 0.546875 0.096875 0.18046875
19 0.5109375 0.428125 0.0828125 0.14140625
4 0.49375 0.2609375 0.0734375 0.146875
4 0.5578125 0.21640625 0.0734375 0.14453125
4 0.48125 0.15546875 0.065625 0.14140625
19 0.3828125 0.26953125 0.0453125 0.071875
19 0.3203125 0.378125 0.0609375 0.1359375
19 0.325 0.26953125 0.0421875 0.08046875
19 0.303125 0.30859375 0.0546875 0.078125
18 0.40625 0.36953125 0.071875 0.103125
11 0.41875 0.45 0.0890625 0.18046875
11 0.2734375 0.225 0.0421875 0.078125
15 0.228125 0.33359375 0.053125 0.075
19 0.1921875 0.396875 0.0640625 0.13359375
5 0.21875 0.36953125 0.0578125 0.09453125
5 0.178125 0.55 0.0703125 0.13046875
5 0.175 0.4890625 0.084375 0.09453125
5 0.175 0.44453125 0.084375 0.071875
11 0.075 0.6140625 0.1203125 0.25546875
5 0.065625 0.8140625 0.13125 0.228125
19 0.8578125 0.7859375 0.140625 0.25
5 0.7578125 0.74140625 0.0828125 0.178125
15 0.659375 0.553125 0.0703125 0.14140625
19 0.3390625 0.19140625 0.03125 0.03359375
9 0.403125 0.20546875 0.0375 0.03046875
4 0.3890625 0.13359375 0.046875 0.06953125
4 0.3140625 0.1140625 0.0421875 0.078125
19 0.3015625 0.1890625 0.0375 0.05
5 0.3546875 0.15859375 0.0265625 0.028125
4 0.440625 0.1609375 0.01875 0.0609375
10 0.0640625 0.2390625 0.0203125 0.0640625
10 0.0578125 0.31640625 0.05 0.078125
5 0.178125 0.20546875 0.040625 0.04453125
9 0.215625 0.09453125 0.01875 0.0390625
17 0.184375 0.1 0.015625 0.03046875
4 0.3953125 0.053125 0.03125 0.04453125
4 0.3578125 0.075 0.0328125 0.04453125
4 0.36875 0.08359375 0.0359375 0.03046875
4 0.4015625 0.08359375 0.03125 0.025
4 0.3046875 0.05546875 0.0265625 0.03359375