5 0.65625 0.571875 0.53125 0.203125
5 0.4375 0.4734375 0.12734375 0.0640625
10 0.35390625 0.4703125 0.05390625 0.0765625
10 0.43984375 0.48125 0.05625 0.0796875
10 0.1375 0.471875 0.04765625 0.0890625
10 0.08984375 0.4625 0.03984375 0.0640625
17 0.26484375 0.465625 0.07734375 0.06875
5 0.19375 0.4609375 0.06875 0.04375
3 0.06640625 0.45625 0.02109375 0.05
5 0.11640625 0.4421875 0.02734375 0.0203125
4 0.15625 0.425 0.03125 0.0125
9 0.17109375 0.434375 0.02734375 0.009375
17 0.20234375 0.4359375 0.01875 0.0078125