13 0.5046875 0.86953125 0.125 0.19453125
13 0.3109375 0.871875 0.1328125 0.178125
13 0.165625 0.9 0.1453125 0.178125
13 0.15 0.8109375 0.1203125 0.15546875
13 0.0703125 0.76953125 0.06875 0.15859375
5 0.2421875 0.7359375 0.1421875 0.14453125
5 0.09375 0.703125 0.1140625 0.1109375
5 0.1375 0.6609375 0.1015625 0.1
5 0.1 0.56640625 0.075 0.078125
5 0.2328125 0.428125 0.0328125 0.0390625
13 0.115625 0.4640625 0.021875 0.05546875
1 0.0515625 0.4609375 0.096875 0.10859375
5 0.2984375 0.54140625 0.0453125 0.078125
5 0.359375 0.546875 0.0453125 0.08046875
10 0.171875 0.40859375 0.015625 0.0359375
13 0.8609375 0.675 0.0484375 0.10546875
13 0.8453125 0.60859375 0.0671875 0.1
15 0.4125 0.5390625 0.04375 0.09453125
5 0.503125 0.5640625 0.0546875 0.09140625
15 0.54375 0.53046875 0.053125 0.08359375
19 0.53125 0.48046875 0.0359375 0.071875
5 0.475 0.51953125 0.040625 0.06953125
5 0.46875 0.48359375 0.0375 0.046875
5 0.4921875 0.453125 0.0265625 0.05
15 0.4265625 0.5 0.040625 0.0609375
19 0.3796875 0.4609375 0.03125 0.075
17 0.5125 0.428125 0.0171875 0.03359375
9 0.4171875 0.44453125 0.0328125 0.0640625
17 0.45625 0.4609375 0.0203125 0.05
9 0.4515625 0.425 0.028125 0.0640625
11 0.409375 0.396875 0.021875 0.05859375
9 0.3765625 0.4140625 0.03125 0.0359375
7 0.371875 0.38359375 0.0171875 0.03359375
17 0.3921875 0.396875 0.0125 0.025
19 0.434375 0.3859375 0.0171875 0.0359375
9 0.45 0.378125 0.0109375 0.01953125
5 0.4765625 0.41640625 0.0171875 0.0390625
17 0.49375 0.41953125 0.0203125 0.03046875
17 0.525 0.4359375 0.021875 0.01953125
0 0.478125 0.38359375 0.021875 0.03359375
5 0.309375 0.5 0.0390625 0.0609375
11 0.3125 0.44453125 0.0359375 0.075
17 0.346875 0.471875 0.0234375 0.053125
5 0.3390625 0.421875 0.0203125 0.03359375
9 0.3421875 0.38046875 0.025 0.03359375