15 0.53984375 0.43125 0.1625 0.078125
5 0.36640625 0.4171875 0.12734375 0.065625
10 0.67734375 0.4234375 0.04140625 0.065625
3 0.01484375 0.3953125 0.02109375 0.0609375
5 0.06484375 0.39375 0.07265625 0.05
11 0.18359375 0.3796875 0.08515625 0.0875
5 0.29140625 0.4046875 0.09375 0.053125
5 0.60859375 0.425 0.08984375 0.06875
5 0.44765625 0.4125 0.075 0.0546875
4 0.93359375 0.3875 0.12734375 0.0625
5 0.12734375 0.3890625 0.03125 0.04375
4 0.11484375 0.35625 0.05234375 0.046875
5 0.26484375 0.39375 0.05390625 0.040625