5 0.2125 0.85546875 0.1 0.16953125
5 0.3484375 0.86953125 0.0890625 0.175
15 0.46875 0.86640625 0.0984375 0.19140625
5 0.671875 0.921875 0.1234375 0.14140625
15 0.7640625 0.875 0.128125 0.18359375
19 0.7421875 0.7609375 0.084375 0.171875
5 0.678125 0.728125 0.05625 0.103125
5 0.6484375 0.6859375 0.06875 0.10859375
17 0.5671875 0.7 0.046875 0.1109375
9 0.496875 0.7 0.0765625 0.11953125
19 0.3953125 0.69453125 0.0828125 0.178125
17 0.3234375 0.70546875 0.0546875 0.125
9 0.390625 0.596875 0.071875 0.1109375
5 0.60625 0.8359375 0.1015625 0.1609375
5 0.2375 0.771875 0.090625 0.146875
11 0.25 0.65 0.0765625 0.16640625
15 0.3109375 0.6 0.0453125 0.08046875
5 0.30625 0.553125 0.0484375 0.0359375
19 0.31875 0.503125 0.0421875 0.075
7 0.3828125 0.50859375 0.0421875 0.078125
11 0.4640625 0.546875 0.053125 0.13359375
19 0.51875 0.521875 0.0484375 0.08359375
4 0.5125 0.41640625 0.053125 0.10546875
4 0.503125 0.346875 0.040625 0.06953125
4 0.5515625 0.396875 0.04375 0.09140625
4 0.4453125 0.34140625 0.028125 0.046875
4 0.4 0.328125 0.025 0.04453125
11 0.375 0.396875 0.0265625 0.04140625
9 0.3921875 0.45 0.0359375 0.04453125
9 0.44375 0.43359375 0.0296875 0.05
9 0.4484375 0.3859375 0.0203125 0.0390625
19 0.4078125 0.425 0.028125 0.046875
18 0.45625 0.4859375 0.0453125 0.0609375
19 0.559375 0.6140625 0.065625 0.125
11 0.5734375 0.653125 0.05625 0.0890625
9 0.475 0.6609375 0.065625 0.14453125
15 0.1734375 0.5 0.05 0.06640625
15 0.2015625 0.45546875 0.040625 0.04140625
10 0.2796875 0.378125 0.0125 0.04140625
5 0.3046875 0.3890625 0.0234375 0.03046875
5 0.3328125 0.35546875 0.01875 0.01953125
4 0.45 0.2890625 0.01875 0.028125
0 0.6203125 0.521875 0.05625 0.078125
9 0.6453125 0.55546875 0.04375 0.05
17 0.7296875 0.646875 0.0515625 0.0359375
17 0.7015625 0.625 0.04375 0.06953125
17 0.65625 0.60546875 0.05625 0.0609375
5 0.596875 0.7609375 0.084375 0.11953125
15 0.496875 0.79140625 0.090625 0.1609375