5 0.6265625 0.76953125 0.490625 0.45546875
13 0.115625 0.71953125 0.23125 0.55546875
13 0.2609375 0.603125 0.1453125 0.4390625
13 0.484375 0.525 0.1 0.253125
3 0.375 0.56640625 0.046875 0.3390625
13 0.3796875 0.5359375 0.0953125 0.2859375
13 0.3140625 0.44140625 0.0640625 0.1609375
13 0.5640625 0.4640625 0.075 0.18359375
13 0.4015625 0.3890625 0.046875 0.071875
13 0.4734375 0.39140625 0.059375 0.0390625
13 0.9015625 0.5890625 0.13125 0.35546875
13 0.796875 0.48046875 0.084375 0.18046875
13 0.959375 0.528125 0.0765625 0.225