3 0.4328125 0.36640625 0.065625 0.34140625
5 0.728125 0.3109375 0.1765625 0.20859375
5 0.8328125 0.2390625 0.13125 0.096875
4 0.8125 0.196875 0.178125 0.121875
13 0.6203125 0.2609375 0.04375 0.13046875
13 0.5328125 0.26953125 0.046875 0.103125
13 0.5796875 0.253125 0.021875 0.0609375
10 0.3203125 0.30859375 0.0734375 0.13359375
4 0.3078125 0.25859375 0.1015625 0.146875
10 0.06875 0.346875 0.1125 0.1609375
13 0.2015625 0.3140625 0.0265625 0.075
17 0.034375 0.34140625 0.053125 0.1109375
10 0.13125 0.33359375 0.034375 0.08046875
4 0.459375 0.24140625 0.0453125 0.05859375
16 0.490625 0.253125 0.0140625 0.021875