5 0.2890625 0.6109375 0.084375 0.178125
5 0.384375 0.6390625 0.0890625 0.196875
5 0.48125 0.75546875 0.1171875 0.2640625
5 0.5984375 0.7109375 0.109375 0.225
15 0.628125 0.528125 0.078125 0.15859375
5 0.50625 0.446875 0.053125 0.09140625
5 0.3859375 0.45859375 0.0609375 0.1
19 0.5671875 0.353125 0.0453125 0.0890625
5 0.509375 0.38046875 0.0453125 0.06640625
9 0.459375 0.346875 0.0375 0.08359375
19 0.4140625 0.36953125 0.046875 0.096875
17 0.38125 0.346875 0.025 0.06640625
11 0.3453125 0.321875 0.0390625 0.09140625
5 0.325 0.4390625 0.0546875 0.09453125
5 0.525 0.3140625 0.028125 0.046875
17 0.49375 0.3390625 0.028125 0.06640625
9 0.4515625 0.3109375 0.0328125 0.0640625
9 0.4109375 0.28046875 0.03125 0.05
5 0.409375 0.3140625 0.034375 0.046875
5 0.3734375 0.28359375 0.025 0.04140625
7 0.40625 0.2390625 0.01875 0.03046875
11 0.4421875 0.25859375 0.021875 0.0609375
19 0.46875 0.246875 0.021875 0.04140625
17 0.559375 0.296875 0.0203125 0.021875
17 0.546875 0.2890625 0.01875 0.0359375
17 0.5265625 0.28046875 0.0234375 0.03359375
0 0.5109375 0.246875 0.0234375 0.0390625
11 0.4921875 0.30546875 0.028125 0.046875
19 0.4875 0.28359375 0.034375 0.05859375
4 0.4625 0.196875 0.021875 0.04140625
4 0.48125 0.1890625 0.0203125 0.04453125
4 0.4578125 0.1640625 0.0171875 0.03046875
4 0.4328125 0.1640625 0.0140625 0.021875
19 0.409375 0.2109375 0.015625 0.021875
11 0.4015625 0.1890625 0.0125 0.01640625
9 0.3765625 0.24140625 0.021875 0.0359375
5 0.3734375 0.2609375 0.021875 0.01953125
5 0.36875 0.303125 0.0125 0.04453125
15 0.3875 0.221875 0.0171875 0.021875
5 0.3859375 0.23046875 0.015625 0.025
19 0.4328125 0.203125 0.0125 0.021875
1 0.0953125 0.3109375 0.0953125 0.1109375
5 0.26875 0.28046875 0.0296875 0.0390625
17 0.30625 0.246875 0.015625 0.03359375
17 0.340625 0.20859375 0.0109375 0.01953125
10 0.296875 0.2140625 0.00625 0.021875
10 0.3203125 0.228125 0.00625 0.025
10 0.2109375 0.30859375 0.0140625 0.046875
10 0.225 0.29140625 0.0125 0.04453125
10 0.1953125 0.346875 0.0203125 0.06640625
10 0.2390625 0.346875 0.0140625 0.0640625
10 0.1625 0.34453125 0.0171875 0.0640625
13 0.759375 0.45859375 0.059375 0.1109375
13 0.81875 0.471875 0.0640625 0.11953125
13 0.8703125 0.475 0.0546875 0.103125
13 0.8921875 0.5109375 0.04375 0.10859375
5 0.0234375 0.36640625 0.0421875 0.05546875
10 0.2765625 0.25 0.009375 0.03046875
13 0.3421875 0.18359375 0.00625 0.01640625