13 0.265625 0.6640625 0.253125 0.63046875
4 0.06328125 0.503125 0.1265625 0.95546875
13 0.5515625 0.8 0.378125 0.38359375
13 0.653125 0.475 0.1671875 0.403125
11 0.421875 0.4 0.2578125 0.375
4 0.2796875 0.26640625 0.1375 0.228125
4 0.1640625 0.30859375 0.11875 0.271875
5 0.9265625 0.3890625 0.1421875 0.15859375
4 0.459375 0.246875 0.08125 0.1140625
13 0.5609375 0.371875 0.0859375 0.2390625
13 0.5109375 0.2859375 0.0265625 0.0890625
13 0.615625 0.26953125 0.0234375 0.05
13 0.85625 0.678125 0.2765625 0.61953125