13 0.325 0.60859375 0.334375 0.73046875
13 0.6890625 0.4390625 0.2015625 0.5390625
4 0.1375 0.41953125 0.275 0.8390625
13 0.5734375 0.2640625 0.10625 0.31953125
11 0.4515625 0.1890625 0.1484375 0.25859375
4 0.26875 0.1015625 0.153125 0.203125
4 0.3640625 0.071875 0.1375 0.11953125
4 0.51875 0.1140625 0.1109375 0.16640625
13 0.6328125 0.16640625 0.059375 0.096875
18 0.834375 0.18359375 0.2296875 0.30546875
10 0.9390625 0.2859375 0.1125 0.225
9 0.6765625 0.1359375 0.0703125 0.09140625
4 0.6140625 0.09140625 0.05 0.09140625
13 0.2625 0.171875 0.0875 0.146875