5 0.6703125 0.95078125 0.334375 0.0875
15 0.9 0.6265625 0.1921875 0.29453125
5 0.1453125 0.7421875 0.225 0.31953125
3 0.053125 0.5421875 0.09375 0.2140625
5 0.04375 0.3421875 0.0859375 0.16484375
5 0.165625 0.228125 0.0671875 0.12265625
5 0.1921875 0.13359375 0.0484375 0.0875
5 0.3234375 0.2421875 0.046875 0.115625
5 0.3921875 0.2578125 0.05 0.140625
15 0.4546875 0.2578125 0.0515625 0.14375
5 0.5640625 0.31015625 0.0703125 0.13671875
5 0.5640625 0.16484375 0.0421875 0.084375
5 0.525 0.23828125 0.053125 0.115625
5 0.5203125 0.17890625 0.0453125 0.09453125
5 0.3359375 0.1828125 0.04375 0.084375
5 0.3890625 0.18984375 0.0421875 0.0875
5 0.3671875 0.08046875 0.021875 0.04921875
5 0.365625 0.04921875 0.0234375 0.03515625
5 0.528125 0.084375 0.021875 0.05625
5 0.54375 0.1296875 0.0359375 0.0734375
17 0.634375 0.1828125 0.0359375 0.09453125
17 0.5890625 0.115625 0.0265625 0.03515625
17 0.571875 0.0984375 0.0234375 0.04921875
17 0.55 0.084375 0.03125 0.0421875
17 0.503125 0.15078125 0.028125 0.084375
15 0.4671875 0.20703125 0.0484375 0.10859375
9 0.4671875 0.14765625 0.0421875 0.0875
9 0.4953125 0.084375 0.03125 0.07734375
19 0.4546875 0.115625 0.034375 0.09453125
19 0.4125 0.13671875 0.0421875 0.10859375
9 0.4078125 0.07734375 0.0359375 0.07734375
11 0.446875 0.04921875 0.0296875 0.084375
19 0.475 0.03515625 0.0234375 0.06328125
0 0.5265625 0.03828125 0.03125 0.06328125
15 0.540625 0.05234375 0.0234375 0.028125
9 0.36875 0.0171875 0.025 0.034375
7 0.40234375 0.02421875 0.0234375 0.0484375
17 0.425 0.04921875 0.015625 0.04921875
9 0.49375 0.02421875 0.0125 0.03125
17 0.3765625 0.15078125 0.025 0.08046875
11 0.3390625 0.10859375 0.040625 0.10859375
5 0.08125 0.47578125 0.109375 0.16875
1 0.059375 0.1125 0.1078125 0.171875
3 0.10625 0.1578125 0.015625 0.0875
10 0.153125 0.1125 0.015625 0.0734375