13 0.3953125 0.721875 0.0734375 0.2109375
13 0.4984375 0.6609375 0.0515625 0.0890625
13 0.571875 0.65546875 0.0421875 0.1140625
13 0.153125 0.7109375 0.084375 0.09453125
13 0.1953125 0.6890625 0.04375 0.08046875
10 0.2828125 0.675 0.028125 0.075
13 0.340625 0.65546875 0.0203125 0.06640625
5 0.309375 0.646875 0.0234375 0.0390625
4 0.3546875 0.621875 0.034375 0.0640625
4 0.3265625 0.61640625 0.0234375 0.0390625
10 0.4421875 0.64140625 0.0203125 0.08359375
4 0.7921875 0.603125 0.4125 0.3109375
13 0.9625 0.70859375 0.065625 0.271875