5 0.59140625 0.45625 0.15390625 0.08125
10 0.75390625 0.4484375 0.05625 0.0734375
5 0.42265625 0.4421875 0.1125 0.0609375
5 0.12734375 0.425 0.08359375 0.0515625
11 0.25 0.40625 0.09140625 0.0875
4 0.16875 0.3796875 0.0625 0.0375
3 0.06015625 0.4234375 0.02890625 0.0625
5 0.36484375 0.4328125 0.07890625 0.0515625
5 0.31875 0.41875 0.04765625 0.0359375
5 0.47890625 0.434375 0.06015625 0.05
4 0.93359375 0.4078125 0.13125 0.04375
4 0.84140625 0.40625 0.0625 0.0359375
5 0.18515625 0.415625 0.04609375 0.0375
9 0.39375 0.4015625 0.04765625 0.0171875
9 0.33984375 0.4015625 0.05625 0.0171875