13 0.1265625 0.653125 0.25 0.675
13 0.759375 0.646875 0.3328125 0.696875
11 0.45 0.3609375 0.225 0.40859375
4 0.153125 0.325 0.3046875 0.54453125
4 0.3921875 0.2109375 0.1390625 0.203125
4 0.709375 0.18359375 0.153125 0.1359375
10 0.95 0.3640625 0.084375 0.2390625
13 0.7984375 0.31640625 0.084375 0.18359375
13 0.85625 0.2890625 0.0609375 0.15546875
13 0.6046875 0.35859375 0.0875 0.25859375
13 0.6984375 0.3859375 0.14375 0.33359375
13 0.5203125 0.24140625 0.04375 0.04140625
13 0.5640625 0.2359375 0.0453125 0.053125
7 0.61875 0.20859375 0.0453125 0.05859375
13 0.303125 0.2640625 0.0484375 0.1140625
13 0.9 0.23359375 0.0359375 0.0390625
13 0.9625 0.25859375 0.04375 0.078125
13 0.9296875 0.25859375 0.028125 0.0640625
13 0.946875 0.8390625 0.096875 0.30546875