13 0.4546875 0.60546875 0.1703125 0.30859375
5 0.796875 0.55 0.146875 0.13046875
4 0.9578125 0.49453125 0.078125 0.25546875
10 0.6265625 0.53046875 0.071875 0.1109375
5 0.1796875 0.48359375 0.0546875 0.0640625
13 0.225 0.4890625 0.028125 0.0859375
13 0.271875 0.48046875 0.03125 0.0859375
17 0.30625 0.46640625 0.0296875 0.05546875
4 0.2515625 0.4359375 0.040625 0.09453125
4 0.2109375 0.43359375 0.0328125 0.071875
13 0.13125 0.478125 0.034375 0.08359375
5 0.175 0.4359375 0.0171875 0.01640625
13 0.015625 0.49453125 0.03125 0.0859375
17 0.5203125 0.4890625 0.0375 0.078125
13 0.378125 0.478125 0.046875 0.1359375
13 0.440625 0.49140625 0.059375 0.14453125
4 0.4484375 0.44140625 0.0796875 0.06640625
5 0.5859375 0.50546875 0.090625 0.078125
13 0.6890625 0.521875 0.071875 0.1109375
4 0.7390625 0.4640625 0.1375 0.09140625
13 0.8359375 0.49453125 0.078125 0.075
13 0.8859375 0.496875 0.0375 0.08046875