17 0.2375 0.7859375 0.0703125 0.16640625
17 0.953125 0.8640625 0.0828125 0.18046875
17 0.9328125 0.8 0.1 0.15
17 0.8546875 0.7 0.0703125 0.13046875
17 0.9046875 0.7390625 0.090625 0.121875
17 0.8546875 0.60546875 0.0640625 0.0640625
17 0.9453125 0.61953125 0.0734375 0.0640625
17 0.8140625 0.58046875 0.053125 0.06953125
17 0.2625 0.546875 0.0375 0.0890625
10 0.2265625 0.625 0.0328125 0.096875
4 0.0703125 0.80859375 0.1390625 0.375
5 0.3546875 0.54453125 0.05625 0.08359375
5 0.278125 0.41640625 0.028125 0.046875
5 0.2546875 0.94140625 0.125 0.10859375
5 0.39375 0.84453125 0.115625 0.178125
11 0.33125 0.34140625 0.025 0.0640625
5 0.3078125 0.3359375 0.0171875 0.028125
5 0.303125 0.31640625 0.015625 0.021875
18 0.290625 0.2890625 0.015625 0.0109375
17 0.278125 0.30546875 0.0125 0.021875
17 0.2890625 0.30546875 0.009375 0.01953125
5 0.3296875 0.3 0.0125 0.0109375
11 0.3453125 0.3109375 0.015625 0.03046875
5 0.3140625 0.30546875 0.0109375 0.021875
5 0.8359375 0.88359375 0.165625 0.171875
5 0.7421875 0.9390625 0.153125 0.096875
5 0.9140625 0.9640625 0.153125 0.046875
9 0.70625 0.725 0.1140625 0.16640625
10 0.6328125 0.88046875 0.05625 0.19453125
10 0.6921875 0.84453125 0.0578125 0.13046875
10 0.7484375 0.846875 0.040625 0.103125
10 0.7265625 0.825 0.04375 0.14453125
5 0.5875 0.721875 0.10625 0.14140625
5 0.9625 0.71953125 0.0671875 0.125
15 0.7765625 0.6140625 0.09375 0.10546875
15 0.6734375 0.5859375 0.084375 0.09140625
17 0.5671875 0.55546875 0.04375 0.06640625
4 0.6359375 0.421875 0.1125 0.103125
11 0.5578125 0.428125 0.053125 0.06640625
5 0.546875 0.653125 0.0734375 0.125
5 0.509375 0.6 0.0703125 0.096875
5 0.59375 0.60546875 0.0734375 0.096875
17 0.6859375 0.53046875 0.05625 0.0390625
19 0.490625 0.5359375 0.065625 0.125
19 0.471875 0.421875 0.0375 0.05859375
19 0.446875 0.478125 0.046875 0.0890625
9 0.4140625 0.425 0.0203125 0.071875
9 0.4046875 0.4 0.028125 0.046875
4 0.4875 0.35 0.0484375 0.0640625
11 0.4578125 0.3609375 0.03125 0.04140625
17 0.515625 0.43359375 0.0265625 0.04453125
18 0.5203125 0.39140625 0.0484375 0.04453125
4 0.5640625 0.3859375 0.040625 0.04453125
11 0.3953125 0.35859375 0.028125 0.05
15 0.4203125 0.35 0.01875 0.04140625
4 0.4203125 0.296875 0.01875 0.025
5 0.390625 0.321875 0.0140625 0.0140625
5 0.3875 0.3 0.0140625 0.0140625
11 0.378125 0.31953125 0.0171875 0.0359375
17 0.809375 0.753125 0.0921875 0.096875
5 0.790625 0.703125 0.1171875 0.09140625
5 0.7171875 0.63359375 0.0875 0.0609375
5 0.7875 0.553125 0.0671875 0.05
9 0.6375 0.503125 0.0515625 0.05546875
9 0.575 0.49140625 0.05 0.05
5 0.546875 0.546875 0.0484375 0.075
10 0.7140625 0.478125 0.01875 0.0390625
15 0.734375 0.525 0.0578125 0.05546875