13 0.2140625 0.678125 0.3921875 0.63359375
11 0.125 0.446875 0.2453125 0.55
13 0.5765625 0.43359375 0.1578125 0.3859375
13 0.378125 0.328125 0.096875 0.23046875
13 0.5046875 0.35546875 0.1125 0.30859375
13 0.45 0.23046875 0.05625 0.15859375
4 0.9296875 0.23359375 0.134375 0.46640625
18 0.2921875 0.196875 0.146875 0.21953125
4 0.465625 0.11640625 0.078125 0.08359375
13 0.7625 0.275 0.1046875 0.221875
13 0.6265625 0.18359375 0.0421875 0.08046875
11 0.1515625 0.19140625 0.1578125 0.1859375
13 0.6734375 0.153125 0.01875 0.05
13 0.559375 0.153125 0.034375 0.0609375