5 0.84609375 0.4875 0.28359375 0.103125
5 0.33359375 0.4765625 0.225 0.0984375
17 0.23359375 0.4390625 0.06484375 0.05625
15 0.38515625 0.4390625 0.09140625 0.040625
5 0.18984375 0.4359375 0.03359375 0.0421875
3 0.07109375 0.43125 0.02265625 0.046875
10 0.12890625 0.4359375 0.03125 0.0515625
5 0.17109375 0.4234375 0.03515625 0.0203125
9 0.17109375 0.4109375 0.02734375 0.0078125
4 0.15859375 0.403125 0.03125 0.0109375
11 0.25625 0.4140625 0.05234375 0.0359375
5 0.10859375 0.41875 0.02109375 0.0203125
4 0.13359375 0.403125 0.02109375 0.0078125
9 0.19609375 0.4109375 0.01875 0.00625
17 0.2 0.4125 0.01640625 0.0046875
4 0.29609375 0.409375 0.02734375 0.0109375