5 0.646875 0.7859375 0.21875 0.2140625
17 0.459375 0.53359375 0.046875 0.11953125
10 0.415625 0.43359375 0.0265625 0.06640625
10 0.2140625 0.70546875 0.0546875 0.153125
10 0.1484375 0.55 0.059375 0.09140625
10 0.0328125 0.86953125 0.0625 0.14140625
10 0.4625 0.39453125 0.01875 0.0640625
5 0.6078125 0.41953125 0.0453125 0.075
5 0.6703125 0.43046875 0.04375 0.08359375
5 0.825 0.4640625 0.059375 0.09140625
5 0.815625 0.3390625 0.0359375 0.046875
5 0.828125 0.35859375 0.0265625 0.046875
17 0.496875 0.34453125 0.0234375 0.05
5 0.61875 0.38359375 0.040625 0.0609375
11 0.6234375 0.33046875 0.0359375 0.075
17 0.6578125 0.35546875 0.0234375 0.053125
19 0.690625 0.35 0.0390625 0.08359375
15 0.725 0.43359375 0.0484375 0.103125
15 0.340625 0.38359375 0.0453125 0.053125
1 0.4046875 0.3390625 0.078125 0.1
15 0.8703125 0.43046875 0.0625 0.096875
13 0.96875 0.503125 0.053125 0.121875
5 0.790625 0.41640625 0.0484375 0.08359375
15 0.7375 0.3890625 0.046875 0.06953125
5 0.7875 0.36640625 0.0421875 0.0390625
19 0.7703125 0.30546875 0.028125 0.05546875
19 0.73125 0.33046875 0.034375 0.071875
7 0.6859375 0.26640625 0.01875 0.04140625
4 0.7453125 0.18046875 0.0203125 0.025
19 0.7515625 0.26953125 0.0234375 0.04453125
19 0.6890625 0.2359375 0.015625 0.021875
19 0.6953125 0.25546875 0.01875 0.03359375
11 0.6828125 0.2140625 0.0125 0.01640625
9 0.65625 0.2640625 0.021875 0.0359375
5 0.65 0.30546875 0.01875 0.028125
5 0.653125 0.29140625 0.021875 0.025
19 0.7140625 0.225 0.015625 0.01953125
11 0.725 0.28046875 0.028125 0.0609375
17 0.7046875 0.2859375 0.0125 0.04453125
4 0.7484375 0.21953125 0.025 0.04453125
4 0.76875 0.20546875 0.021875 0.04140625
0 0.8015625 0.2640625 0.0296875 0.04140625
9 0.8140625 0.28046875 0.021875 0.021875
5 0.7984375 0.303125 0.025 0.04140625
19 0.696875 0.221875 0.0125 0.01640625
9 0.6671875 0.246875 0.0171875 0.021875
9 0.6765625 0.228125 0.015625 0.021875
9 0.721875 0.21640625 0.0109375 0.01640625
17 0.8421875 0.3109375 0.021875 0.0390625
17 0.8578125 0.321875 0.0265625 0.025
13 0.6078125 0.225 0.00625 0.01640625
5 0.6546875 0.19140625 0.0078125 0.01953125
19 0.8609375 0.3609375 0.0421875 0.0609375
17 0.7734375 0.3390625 0.0234375 0.0359375
9 0.7390625 0.34453125 0.0390625 0.04453125