17 0.075 0.65 0.0609375 0.10546875
5 0.028125 0.5640625 0.05625 0.04453125
1 0.1046875 0.50546875 0.096875 0.1109375
13 0.44375 0.7140625 0.0921875 0.128125
13 0.5984375 0.79453125 0.10625 0.15
13 0.609375 0.74453125 0.0921875 0.10546875
13 0.478125 0.64140625 0.0703125 0.103125
13 0.565625 0.675 0.1578125 0.103125
13 0.8046875 0.778125 0.115625 0.14140625
13 0.85625 0.74140625 0.103125 0.1390625
13 0.796875 0.6140625 0.0796875 0.096875
13 0.871875 0.61953125 0.0390625 0.0890625
13 0.9015625 0.66953125 0.0421875 0.1109375
5 0.340625 0.575 0.046875 0.075
5 0.4 0.575 0.04375 0.075
5 0.509375 0.546875 0.0421875 0.06640625
5 0.540625 0.59453125 0.0578125 0.08359375
15 0.5765625 0.5609375 0.05625 0.078125
15 0.4515625 0.56640625 0.0453125 0.08046875
15 0.4625 0.53359375 0.0421875 0.06640625
15 0.396875 0.53046875 0.0421875 0.053125
17 0.3859375 0.50859375 0.01875 0.05859375
19 0.41875 0.49453125 0.0359375 0.071875
9 0.4625 0.503125 0.0390625 0.06640625
11 0.4453125 0.43046875 0.021875 0.05
9 0.415625 0.453125 0.0296875 0.046875
5 0.5265625 0.48359375 0.0296875 0.04453125
17 0.4921875 0.4890625 0.01875 0.04140625
17 0.5484375 0.45859375 0.0171875 0.03046875
17 0.5609375 0.46640625 0.021875 0.025
17 0.528125 0.45 0.021875 0.025
17 0.4296875 0.43359375 0.0140625 0.03046875
4 0.465625 0.371875 0.021875 0.04140625
4 0.4828125 0.3640625 0.0171875 0.0359375
4 0.4609375 0.34453125 0.01875 0.03046875
7 0.409375 0.41953125 0.015625 0.028125
5 0.35 0.5359375 0.040625 0.0609375
11 0.353125 0.48046875 0.034375 0.071875
11 0.40625 0.36953125 0.0109375 0.01640625
9 0.38125 0.41953125 0.0171875 0.03046875
5 0.38125 0.4609375 0.0203125 0.03359375
9 0.4140625 0.39453125 0.0140625 0.01953125
18 0.4421875 0.4 0.01875 0.0109375
0 0.5109375 0.41640625 0.0265625 0.03046875
5 0.54375 0.5 0.028125 0.04453125
19 0.4875 0.45859375 0.028125 0.05546875
19 0.4703125 0.421875 0.0234375 0.04140625
19 0.453125 0.48046875 0.0296875 0.06640625
19 0.484375 0.4140625 0.0140625 0.021875
19 0.41875 0.38046875 0.0109375 0.01640625
19 0.4359375 0.38046875 0.0125 0.01640625
13 0.3171875 0.3890625 0.009375 0.025
5 0.3703125 0.3640625 0.009375 0.0140625
4 0.434375 0.34453125 0.0109375 0.01953125
4 0.4140625 0.34140625 0.009375 0.01953125
9 0.4375 0.3609375 0.009375 0.0140625