5 0.7515625 0.7 0.1109375 0.13046875
4 0.084375 0.56953125 0.16875 0.55546875
17 0.4375 0.703125 0.0578125 0.13359375
5 0.2953125 0.69140625 0.109375 0.1359375
10 0.64375 0.7 0.021875 0.078125
9 0.859375 0.6640625 0.0875 0.04453125
4 0.5984375 0.65546875 0.0609375 0.1
18 0.675 0.65 0.05 0.0609375
4 0.5296875 0.653125 0.0359375 0.0859375
19 0.48125 0.68359375 0.0484375 0.10546875
9 0.4046875 0.678125 0.0359375 0.0859375
17 0.3828125 0.66953125 0.0203125 0.053125
5 0.696875 0.6859375 0.0359375 0.05859375