17 0.084375 0.68046875 0.1640625 0.625
4 0.0984375 0.40546875 0.19375 0.2609375
17 0.3546875 0.44453125 0.13125 0.18359375
5 0.2703125 0.45 0.0734375 0.11640625
17 0.5875 0.378125 0.028125 0.1109375
10 0.6953125 0.35859375 0.0375 0.1109375
9 0.6515625 0.3390625 0.065625 0.075
10 0.753125 0.328125 0.0203125 0.071875
13 0.83125 0.346875 0.0609375 0.1609375
13 0.8890625 0.3359375 0.046875 0.18359375
13 0.946875 0.33046875 0.1 0.1890625
10 0.25625 0.41640625 0.0265625 0.05
4 0.609375 0.328125 0.059375 0.05546875
9 0.8828125 0.71640625 0.221875 0.546875