17 0.0890625 0.85 0.1296875 0.16953125
17 0.8078125 0.90859375 0.140625 0.1609375
1 0.134375 0.50546875 0.090625 0.10546875
15 0.0546875 0.55859375 0.053125 0.05859375
13 0.5453125 0.80546875 0.09375 0.146875
13 0.4453125 0.771875 0.09375 0.13359375
13 0.29375 0.7890625 0.1046875 0.13046875
13 0.1484375 0.73046875 0.0984375 0.1140625
13 0.24375 0.696875 0.0890625 0.1140625
13 0.3546875 0.728125 0.1609375 0.11640625
13 0.6796875 0.696875 0.065625 0.1
13 0.9015625 0.71640625 0.0546875 0.1
13 0.9359375 0.8390625 0.0515625 0.14453125
5 0.3625 0.596875 0.0421875 0.075
5 0.421875 0.60546875 0.046875 0.075
15 0.471875 0.60546875 0.04375 0.0859375
5 0.559375 0.64140625 0.0546875 0.0890625
15 0.5984375 0.6140625 0.053125 0.08359375
19 0.5890625 0.55859375 0.034375 0.06953125
5 0.5328125 0.59140625 0.040625 0.06953125
17 0.515625 0.5359375 0.0203125 0.053125
9 0.484375 0.571875 0.0375 0.06640625
19 0.440625 0.53046875 0.034375 0.078125
5 0.371875 0.55859375 0.0390625 0.05859375
11 0.378125 0.50546875 0.034375 0.06640625
7 0.4359375 0.45546875 0.01875 0.04140625
9 0.4765625 0.5140625 0.028125 0.0640625
9 0.484375 0.5359375 0.0359375 0.05546875
5 0.528125 0.55546875 0.034375 0.046875
5 0.55 0.528125 0.028125 0.046875
19 0.5125 0.49453125 0.0296875 0.053125
11 0.471875 0.46953125 0.021875 0.05859375
19 0.4421875 0.528125 0.034375 0.075
9 0.4390625 0.48359375 0.028125 0.0390625
19 0.496875 0.45859375 0.021875 0.0390625
0 0.5375 0.4609375 0.0234375 0.0359375
17 0.5734375 0.50546875 0.01875 0.0359375
17 0.5875 0.5140625 0.025 0.021875
17 0.553125 0.49453125 0.021875 0.03046875
19 0.5375 0.49453125 0.01875 0.0359375
4 0.4921875 0.4109375 0.0203125 0.0359375
4 0.509375 0.403125 0.0171875 0.0359375
4 0.4890625 0.38046875 0.0140625 0.028125
4 0.4640625 0.38046875 0.0125 0.021875
5 0.4046875 0.4890625 0.01875 0.03359375
5 0.4046875 0.46640625 0.0171875 0.0140625
5 0.4046875 0.45859375 0.0203125 0.0109375
9 0.409375 0.446875 0.0203125 0.03359375
9 0.440625 0.425 0.015625 0.01953125
19 0.428125 0.4140625 0.0125 0.0140625
11 0.4328125 0.403125 0.0125 0.01640625
19 0.446875 0.4109375 0.0109375 0.01640625
19 0.4625 0.41640625 0.0109375 0.01640625
18 0.4671875 0.43359375 0.01875 0.0109375
9 0.4203125 0.43046875 0.015625 0.01953125
15 0.3828125 0.4109375 0.0109375 0.01640625
13 0.3125 0.428125 0.0125 0.028125