9 0.3921875 0.828125 0.209375 0.2109375
10 0.3421875 0.94453125 0.1546875 0.10546875
5 0.7140625 0.86953125 0.203125 0.221875
9 0.8203125 0.88046875 0.2375 0.23046875
15 0.93125 0.70859375 0.1328125 0.18046875
11 0.4703125 0.675 0.128125 0.146875
13 0.603125 0.56640625 0.0640625 0.10859375
15 0.5703125 0.45 0.0796875 0.075
9 0.7 0.453125 0.06875 0.05859375
14 0.721875 0.521875 0.0390625 0.05546875
3 0.7890625 0.6 0.05625 0.09453125
3 0.8859375 0.6 0.0546875 0.096875
5 0.13125 0.596875 0.071875 0.10546875
5 0.1703125 0.54453125 0.065625 0.08359375
19 0.1546875 0.49453125 0.0484375 0.08359375
15 0.02265625 0.584375 0.0453125 0.1140625
5 0.0875 0.553125 0.05625 0.0859375
5 0.078125 0.50546875 0.05 0.05859375
5 0.0984375 0.4609375 0.0359375 0.046875
9 0.0453125 0.43359375 0.04375 0.0640625
17 0.184375 0.4890625 0.0375 0.06953125
5 0.0890625 0.55 0.05625 0.08046875
5 0.0265625 0.5359375 0.0515625 0.071875
19 0.0203125 0.403125 0.034375 0.05
0 0.0734375 0.396875 0.0359375 0.053125
17 0.125 0.4390625 0.03125 0.0359375