13 0.11875 0.75546875 0.2359375 0.48046875
13 0.5328125 0.7390625 0.2546875 0.51640625
17 0.7703125 0.575 0.1578125 0.303125
5 0.128125 0.55 0.2484375 0.16953125
5 0.21875 0.525 0.1828125 0.146875
5 0.2765625 0.503125 0.16875 0.125
5 0.384375 0.46953125 0.0890625 0.08046875
5 0.396875 0.45859375 0.096875 0.08046875
15 0.4875 0.4359375 0.0703125 0.09140625
9 0.290625 0.46953125 0.2015625 0.14140625
17 0.68125 0.45859375 0.0515625 0.121875
13 0.6 0.425 0.0203125 0.05546875
19 0.8875 0.4359375 0.0375 0.08046875