18 0.48125 0.675 0.1078125 0.29453125
5 0.6546875 0.778125 0.1203125 0.253125
5 0.6828125 0.59140625 0.0796875 0.13359375
5 0.3484375 0.7359375 0.096875 0.2109375
5 0.1703125 0.646875 0.121875 0.128125
5 0.2421875 0.5109375 0.0828125 0.09140625
5 0.215625 0.46640625 0.0703125 0.075
5 0.290625 0.43359375 0.053125 0.06640625
5 0.2578125 0.3890625 0.05 0.05546875
5 0.3015625 0.38359375 0.040625 0.05
5 0.3890625 0.56953125 0.071875 0.11953125
5 0.3078125 0.321875 0.025 0.0359375
5 0.353125 0.346875 0.0203125 0.04140625
5 0.3125 0.346875 0.0171875 0.03359375
5 0.346875 0.29453125 0.0234375 0.03359375
15 0.4171875 0.421875 0.0421875 0.08046875
9 0.434375 0.46640625 0.05 0.11640625
15 0.0984375 0.571875 0.11875 0.11953125
10 0.1328125 0.46953125 0.0328125 0.075
10 0.1765625 0.43359375 0.0265625 0.075
10 0.2140625 0.396875 0.0234375 0.05
1 0.1875 0.35859375 0.090625 0.10859375
5 0.5765625 0.34453125 0.0328125 0.053125
5 0.5421875 0.44140625 0.04375 0.08359375
5 0.48125 0.39453125 0.0390625 0.06640625
5 0.578125 0.3 0.025 0.0359375
19 0.44375 0.296875 0.0234375 0.046875
19 0.4859375 0.346875 0.034375 0.0640625
5 0.60625 0.49453125 0.0625 0.10546875
5 0.60625 0.4109375 0.046875 0.06640625
17 0.55 0.9140625 0.0921875 0.15859375
13 0.84375 0.4859375 0.0734375 0.11953125
17 0.5671875 0.58046875 0.0484375 0.13046875
17 0.5046875 0.50859375 0.0421875 0.096875
17 0.5453125 0.49140625 0.0375 0.09453125
17 0.4390625 0.38046875 0.028125 0.053125
17 0.4453125 0.321875 0.0203125 0.04140625
17 0.5171875 0.34453125 0.0203125 0.05
17 0.5546875 0.378125 0.0265625 0.0609375
17 0.5421875 0.3390625 0.0203125 0.053125
17 0.5109375 0.321875 0.0171875 0.04453125
17 0.528125 0.3109375 0.015625 0.0390625
4 0.5390625 0.2609375 0.0328125 0.078125
5 0.5140625 0.246875 0.0125 0.021875
9 0.478125 0.29140625 0.021875 0.04453125
9 0.471875 0.28046875 0.01875 0.04453125
9 0.5046875 0.278125 0.01875 0.03359375
9 0.496875 0.26953125 0.0140625 0.03359375
5 0.484375 0.25859375 0.0125 0.021875
5 0.459375 0.26953125 0.0125 0.025
11 0.46875 0.24453125 0.0140625 0.03046875
4 0.50625 0.2 0.0140625 0.021875
5 0.5796875 0.275 0.021875 0.03046875
15 0.621875 0.35859375 0.0390625 0.0640625
5 0.603125 0.321875 0.028125 0.0390625
5 0.5671875 0.25859375 0.0203125 0.021875
4 0.553125 0.21640625 0.01875 0.028125
4 0.5328125 0.20546875 0.0171875 0.04140625
9 0.49375 0.21953125 0.0109375 0.01640625
4 0.4859375 0.19453125 0.0109375 0.01640625
9 0.509375 0.21953125 0.0125 0.0109375
17 0.0796875 0.496875 0.0671875 0.06640625
10 0.0265625 0.525 0.040625 0.08359375
15 0.115625 0.4140625 0.05 0.0609375
9 0.371875 0.26640625 0.0203125 0.028125
17 0.3640625 0.303125 0.0203125 0.0359375
4 0.4234375 0.228125 0.021875 0.0359375
9 0.4796875 0.21953125 0.009375 0.0140625
9 0.559375 0.2390625 0.0109375 0.01640625
5 0.4890625 0.44140625 0.0390625 0.08046875
10 0.2140625 0.803125 0.0609375 0.153125
10 0.1640625 0.88359375 0.1265625 0.171875
10 0.83125 0.8359375 0.0640625 0.2140625
10 0.79375 0.675 0.046875 0.1609375