13 0.828125 0.80859375 0.3328125 0.3609375
13 0.40625 0.596875 0.10625 0.31953125
13 0.1375 0.64140625 0.26875 0.44453125
13 0.2 0.59453125 0.225 0.33359375
13 0.2515625 0.5359375 0.190625 0.25
11 0.6109375 0.578125 0.1328125 0.30546875
4 0.2625 0.39453125 0.203125 0.2109375
13 0.49375 0.45859375 0.03125 0.1140625
4 0.3875 0.36953125 0.040625 0.08359375
13 0.5421875 0.4890625 0.0484375 0.15859375
13 0.421875 0.43046875 0.0359375 0.046875
13 0.4640625 0.4390625 0.028125 0.078125
13 0.9484375 0.503125 0.09375 0.121875
19 0.5921875 0.4109375 0.0484375 0.053125