11 0.1109375 0.5671875 0.190625 0.25625
3 0.228125 0.76640625 0.06875 0.18359375
5 0.275 0.61953125 0.0765625 0.09765625
5 0.39375 0.63125 0.0671875 0.09453125
5 0.703125 0.6390625 0.1171875 0.08671875
5 0.5609375 0.60546875 0.04375 0.0390625
5 0.515625 0.59765625 0.0171875 0.03046875
11 0.5484375 0.5671875 0.03125 0.025
4 0.584375 0.55859375 0.065625 0.0390625
5 0.83125 0.62265625 0.0671875 0.08046875
9 0.7609375 0.6140625 0.1234375 0.10546875
9 0.6203125 0.603125 0.0734375 0.0640625
19 0.475 0.61171875 0.065625 0.1
15 0.4296875 0.6 0.028125 0.05