5 0.2765625 0.55 0.1015625 0.12265625
5 0.0390625 0.525 0.065625 0.0890625
5 0.128125 0.48359375 0.0234375 0.03046875
5 0.890625 0.61953125 0.2140625 0.14765625
5 0.646875 0.5671875 0.175 0.10859375
17 0.7796875 0.55859375 0.0828125 0.09453125
9 0.6546875 0.528125 0.1421875 0.0921875
5 0.7140625 0.53046875 0.05625 0.0640625
15 0.46875 0.5109375 0.1078125 0.08046875
5 0.525 0.52265625 0.0625 0.06953125
5 0.5578125 0.5109375 0.040625 0.0390625
15 0.3796875 0.496875 0.0640625 0.053125
9 0.3359375 0.49140625 0.03125 0.04765625
5 0.284375 0.48359375 0.025 0.02265625
5 0.309375 0.4890625 0.0234375 0.03046875